	Report:		ida*-bfs-vs-ss-bfs - using hmax heuristic - 10 probes.

nomystery-opt11-strips

p14.pddl
bound		ida*-bfs (exp)		ss-bfs (exp)
4		1			1
5		5			5
6		19			19
7		80			81.4
8		318			317.4
9		1292			1438.2
10		5090			6069.4
11		19952			16601
12		77430			96015
13		301278			246243
14		1.1782e+06			2.60558e+06
15		4.65789e+06			1.15032e+07
16		1.8648e+07			7.9589e+06
17		7.57934e+07			4.099e+08
18		3.12838e+08			3.59751e+07

p19.pddl
bound		ida*-bfs (exp)		ss-bfs (exp)
5		2			2
6		6			6
7		29			28.6
8		114			110.9
9		569			491.7
10		2681			2873.9
11		13956			11746
12		72459			56003.9
13		395141			286530
14		2.17889e+06			1.82237e+06
15		1.23268e+07			1.85397e+07

p18.pddl
bound		ida*-bfs (exp)		ss-bfs (exp)
5		1			1
6		5			5
7		13			9.8
8		62			70.6
9		233			211.6
10		1116			903.2
11		5050			4504.8
12		25122			22193.6
13		124825			91503.6
14		643239			569416
15		3.33449e+06			3.69407e+06
16		1.75004e+07			6.50174e+06
17		9.22495e+07			4.65087e+07

p15.pddl
bound		ida*-bfs (exp)		ss-bfs (exp)
4		1			1
5		3			3
6		15			15.2
7		54			49.2
8		229			231.6
9		954			917.4
10		4179			4068.8
11		18139			17161.4
12		80015			93085
13		358226			467145
14		1.62867e+06			2.41762e+06
15		7.5308e+06			6.9852e+06
16		3.53041e+07			6.68073e+07
17		1.67843e+08			1.75468e+08

p12.pddl
bound		ida*-bfs (exp)		ss-bfs (exp)
4		3			3
5		8			8
6		33			33.6
7		110			109.2
8		344			353.3
9		1035			1147.4
10		2990			2827.8
11		8603			8258.3
12		24661			8066.7
13		71921			117836
14		215522			22591.5

p13.pddl
bound		ida*-bfs (exp)		ss-bfs (exp)
4		2			2
5		9			9.6
6		37			39.4
7		135			137.2
8		475			642.9
9		1654			1524.3
10		5691			2096.9
11		19689			39026.6
12		68405			123601
13		241046			269712
14		860811			117098
15		3.13474e+06			3.39455e+07

p07.pddl
bound		ida*-bfs (exp)		ss-bfs (exp)
5		2			2
6		5			5
7		24			24.8
8		106			114
9		523			599
10		2568			2297
11		13101			9538.5
12		67425			70714.7
13		355115			530182
14		1.89101e+06			1.65003e+06
15		1.02446e+07			7.78982e+06
16		5.60511e+07			6.6991e+07

p05.pddl
bound		ida*-bfs (exp)		ss-bfs (exp)
4		1			1
5		3			3
6		15			14.6
7		54			58.2
8		229			233
9		954			976
10		4269			4069.4
11		19527			19303
12		92763			75582.8
13		449269			430190
14		2.21295e+06			2.92175e+06
15		1.10676e+07			7.75168e+06
16		5.60323e+07			5.79018e+07

p01.pddl
bound		ida*-bfs (exp)		ss-bfs (exp)
3		1			1
4		4			4
5		14			13.6
6		46			44.8
7		132			130.3
8		410			424
9		1162			950.2
10		3400			2152
11		9656			4866.4

p10.pddl
bound		ida*-bfs (exp)		ss-bfs (exp)
5		2			2
6		4			4
7		23			25.4
8		104			89.6
9		623			473.2
10		3565			2479.6
11		22189			19203.3
12		137422			142611
13		877421			1.16208e+06
14		5.61268e+06			5.58972e+06
15		3.64172e+07			5.01356e+07

p04.pddl
bound		ida*-bfs (exp)		ss-bfs (exp)
4		1			1
5		5			5
6		19			20.6
7		80			87.4
8		329			326.2
9		1464			1390.2
10		6501			5611.4
11		29756			20708.6
12		135445			172492
13		619432			688971
14		2.81793e+06			1.01976e+06
15		1.28281e+07			9.55719e+06
16		5.83707e+07			7.89408e+06
17		2.66497e+08			1.54081e+08

p06.pddl
bound		ida*-bfs (exp)		ss-bfs (exp)
5		2			2
6		7			7
7		36			37.5
8		158			171.5
9		774			855.2
10		3796			3714.1
11		19359			17491.3
12		100332			105265
13		533406			836937
14		2.88877e+06			3.21869e+06
15		1.59937e+07			1.28568e+07

p17.pddl
bound		ida*-bfs (exp)		ss-bfs (exp)
5		2			2
6		5			5
7		24			23.4
8		106			101.3
9		523			472.1
10		2568			2584.9
11		13081			11814
12		66890			44726.2
13		346194			317349
14		1.78478e+06			1.50083e+06
15		9.19785e+06			1.33005e+07
16		4.71007e+07			4.2865e+07

p20.pddl
bound		ida*-bfs (exp)		ss-bfs (exp)
5		2			2
6		4			4
7		23			25.4
8		104			136
9		623			753.6
10		3565			3637.2
11		22167			22822.3
12		137075			180376
13		871869			206488
14		5.55093e+06			4.15131e+06
15		3.57621e+07			2.53225e+07

p03.pddl
bound		ida*-bfs (exp)		ss-bfs (exp)
4		2			2
5		10			10
6		46			45
7		187			147.6
8		743			310.3
9		2858			2381.2
10		10890			10860.7
11		40967			61209.8
12		154195			155539
13		581047			289430
14		2.20799e+06			1.02327e+06
15		8.47814e+06			4.49055e+07

p09.pddl
bound		ida*-bfs (exp)		ss-bfs (exp)
5		2			2
6		6			6
7		29			9.8
8		114			109.1
9		569			577.2
10		2681			3291
11		13956			15800.5
12		72459			142611
13		395349			676748
14		2.1852e+06			1.79242e+06
15		1.24405e+07			7.68369e+06

p08.pddl
bound		ida*-bfs (exp)		ss-bfs (exp)
5		1			1
6		5			5
7		13			15
8		62			68.6
9		233			264.4
10		1116			1497.2
11		5050			4513.4
12		25135			29679.6
13		125222			114083
14		652745			959452
15		3.45596e+06			4.44707e+06
16		1.88042e+07			1.88823e+07

p16.pddl
bound		ida*-bfs (exp)		ss-bfs (exp)
5		2			2
6		7			7
7		36			30.5
8		158			163.8
9		774			628.6
10		3796			4312.7
11		19343			23681.2
12		99922			90917
13		526894			552877
14		2.81287e+06			2.19683e+06
15		1.52284e+07			1.72105e+07
16		8.32922e+07			7.24367e+07

p11.pddl
bound		ida*-bfs (exp)		ss-bfs (exp)
3		1			1
4		4			4
5		10			10
6		30			24.4
7		80			72.7
8		191			180.7
9		462			539.2
10		1082			964.3
11		2657			4783.6
12		6430			5481.4

p02.pddl
bound		ida*-bfs (exp)		ss-bfs (exp)
4		3			3
5		8			8
6		35			35.4
7		122			121.9
8		483			520.2
9		1758			2043.5
10		6375			5247.3
11		22348			20363.6
12		77589			98330.8
13		267617			137118
14		928947			1.09031e+06
