	Report:		ida*-bfs-vs-ss-bfs - using hmax heuristic - 10 probes.

tidybot-opt11-strips

p14.pddl
bound		ida*-bfs (exp)		ss-bfs (exp)
9		5			5
10		27			27.8
11		127			----zero_info----
12		575			----zero_info----
13		2236			2536
14		9504			10243.7
15		34210			33503.5
16		142108			1.28581e+06
17		487809			501986
18		2.01548e+06			2.28993e+06

p19.pddl
bound		ida*-bfs (exp)		ss-bfs (exp)
13		8			8
14		51			55.7
15		250			247.4
16		1585			----zero_info----
17		5222			7368.9
18		34248			30558
19		93422			152
20		624050			742384
21		1.5317e+06			770888

p18.pddl
bound		ida*-bfs (exp)		ss-bfs (exp)
9		4			4
10		7			6.8
11		44			43.2
12		115			114.8
13		498			449
14		1577			1616
15		6134			5631.8
16		20986			18038.2
17		78401			97819.6
18		276476			----zero_info----
19		1.01744e+06			1.0842e+06

p15.pddl
bound		ida*-bfs (exp)		ss-bfs (exp)
13		22			23.8
14		288			278.1
15		1886			2177.8
16		11201			12777.5
17		66287			66391.1
18		289088			194612
19		1.67548e+06			1.79183e+06

p12.pddl
bound		ida*-bfs (exp)		ss-bfs (exp)
13		13			13
14		39			34.7
15		256			247.9
16		976			1043.1
17		4242			----zero_info----
18		19144			----zero_info----
19		68102			----zero_info----
20		337874			264125
21		1.08869e+06			787803

p13.pddl
bound		ida*-bfs (exp)		ss-bfs (exp)
8		3			3
9		11			11.7
10		43			----zero_info----
11		169			166
12		527			----zero_info----
13		2256			2476.6
14		6266			4603.7
15		28808			----zero_info----
16		74289			83955.5
17		363909			385151
18		889119			666794

p07.pddl
bound		ida*-bfs (exp)		ss-bfs (exp)
7		2			2
8		10			10.5
9		48			46.8
10		227			249.1
11		963			993.5
12		3961			3306.6
13		16426			14264.9
14		64093			51229.2
15		257457			278568
16		975342			1.13838e+06
17		3.78642e+06			2.88194e+06

p05.pddl
bound		ida*-bfs (exp)		ss-bfs (exp)
16		11			11
17		78			78
18		304			281.4
19		2491			2144.3
20		6856			6098.5
21		56604			60452.8
22		135572			129915
23		1.08652e+06			1.02584e+06
24		2.41259e+06			2.72369e+06

p01.pddl
bound		ida*-bfs (exp)		ss-bfs (exp)
1		1			1
2		8			8
3		49			50
4		278			237.6

p10.pddl
bound		ida*-bfs (exp)		ss-bfs (exp)
13		13			13
14		28			----zero_info----
15		236			237.4
16		573			530
17		3417			3359.9
18		9699			12621.2
19		46775			60632.4
20		154249			108239
21		639057			636315
22		2.38703e+06			1.82154e+06

p04.pddl
bound		ida*-bfs (exp)		ss-bfs (exp)
16		9			9
17		57			57
18		201			199.8
19		1174			1161.8
20		3304			3118.4
21		16719			16954.8
22		46440			47692.4
23		204958			----zero_info----
24		593506			441898
25		2.34015e+06			2.6474e+06
26		7.16016e+06			6.89173e+06

p06.pddl
bound		ida*-bfs (exp)		ss-bfs (exp)
16		9			9
17		12			12
18		139			----zero_info----
19		281			247.7
20		1891			1692.2
21		5729			4283.4
22		26605			28234.4
23		107616			116547
24		395280			332732
25		1.8902e+06			1.4229e+06
26		6.12089e+06			6.00901e+06

p17.pddl
bound		ida*-bfs (exp)		ss-bfs (exp)
12		6			6
13		33			33
14		137			136.9
15		677			766
16		2480			----zero_info----
17		10810			10551.2
18		40249			----zero_info----
19		158401			128420
20		615895			532356
21		2.23564e+06			1.48719e+06

p20.pddl
bound		ida*-bfs (exp)		ss-bfs (exp)
16		9			9
17		10			10
18		125			125
19		157			161.1
20		1378			1380.1
21		2019			2007.7
22		14194			14402.7
23		24521			24256
24		142818			138069
25		290031			289728
26		1.44209e+06			1.77844e+06

p03.pddl
bound		ida*-bfs (exp)		ss-bfs (exp)
6		1			1
7		5			4.6
8		25			23
9		115			116.5
10		497			594.4
11		2115			1773.1
12		8801			9772.8
13		35920			39294.5
14		145400			98878.3
15		574649			389175
16		2.27658e+06			602034

p09.pddl
bound		ida*-bfs (exp)		ss-bfs (exp)
11		6			6
12		50			49
13		251			235.8
14		1151			1167.2
15		5354			----zero_info----
16		20161			19822.7
17		91084			67415
18		338203			666794
19		1.46782e+06			2144.3

p08.pddl
bound		ida*-bfs (exp)		ss-bfs (exp)
11		6			6
12		28			28
13		93			91.8
14		461			465.6
15		1085			982.2
16		5371			5120
17		11216			12061.6
18		55143			63191.8
19		108888			121281
20		534574			619524
21		1.02578e+06			1.12574e+06
22		5.07366e+06			4.44563e+06

p16.pddl
bound		ida*-bfs (exp)		ss-bfs (exp)
13		13			13
14		19			19
15		232			219.6
16		367			357.8
17		3330			3236.9
18		5855			5251.1
19		44421			----zero_info----
20		86361			91758.6
21		575801			----zero_info----
22		1.22509e+06			1.25934e+06

p11.pddl
bound		ida*-bfs (exp)		ss-bfs (exp)
7		2			2
8		6			6
9		23			21.4
10		80			77.4
11		228			219.2
12		866			863.6
13		2122			----zero_info----
14		8464			7408.6
15		19124			247.9
16		79258			86066.2
17		170426			----zero_info----
18		729384			501001
19		1.52366e+06			1.58164e+06

p02.pddl
bound		ida*-bfs (exp)		ss-bfs (exp)
11		5			5
12		22			21.6
13		77			70.2
14		331			348.4
15		882			957.2
16		3464			3670.8
17		8716			8335.8
18		31362			30350
19		78201			93877.4
20		261164			248977
21		655382			705474
22		2.06138e+06			2.26387e+06
23		5.23236e+06			6.33187e+06
24		1.57105e+07			1.55546e+07
