	Report:		ida*-bfs-vs-ss-bfs - using hmax heuristic - 10 probes.

transport-opt11-strips

p14.pddl
bound		ida*-bfs (exp)		ss-bfs (exp)
74		2			2
75		7			7
76		19			19.5
77		47			51.3
78		111			116.7
79		255			249.2
80		575			499.9
81		1279			1476.9
82		2815			2445
83		6143			6116.8
84		13311			12777
85		28671			29633
86		61439			63168.4
87		131074			141756
88		278546			370941
89		589913			180.2
90		1.24553e+06			1.3521e+06
91		2.62269e+06			1327.8
92		5.50925e+06			1835.7
93		1.15483e+07			1751.4

p19.pddl
bound		ida*-bfs (exp)		ss-bfs (exp)
255		2			2
277		5			5
278		9			9
279		14			14
280		22			22.3
281		36			36.3
282		51			36.8
283		69			72.5
284		90			76.7
285		113			110.8
286		140			134
287		169			131.8
288		202			183.4
289		237			215.9
290		276			312.3
291		319			364.2
292		366			392.4
293		416			452.5
294		471			381.5
295		534			563.5
296		603			442
297		683			601.6
298		770			856.9
299		875			1355.2
300		989			761.4
301		1129			686.6
302		1288			1197.5
303		1498			718.9
304		1761			582.6
305		2137			824.9
306		2701			23949.8
307		3675			2613.6
308		5440			5277.5
309		8913			6368.3
310		15940			11193.1
311		30602			21080.1
312		61434			75017.8
313		126765			42661.5
314		265197			206811
315		558506			157290
316		1.17866e+06			206362
317		2.48729e+06			1.45463e+06
318		5.24208e+06			1.44882e+06
319		1.10284e+07			2.10552e+06
320		2.31559e+07			7.74563e+06
321		4.85226e+07			1.9822e+07

p18.pddl
bound		ida*-bfs (exp)		ss-bfs (exp)
237		2			2
250		5			5
258		7			7
260		9			9
263		13			12.2
265		15			15
271		20			20.2
273		25			25
275		28			32.4
276		33			40.1
278		40			50
283		42			49.8
284		51			49.6
285		52			45.6
286		70			70.6
287		73			55
288		74			56
289		88			105.4
290		89			100.3
291		106			71.9
292		109			106.7
293		110			107.2
294		113			126.1
295		114			127.1
296		127			174.8
297		142			124.3
298		151			119.9
299		172			133.5
300		185			150.8
301		197			166.2
302		219			191.6
303		235			219.9
304		277			301.6
305		297			289.4
306		312			246.2
307		355			314.6
308		371			420.4
309		424			449.6
310		475			472.8
311		506			308
312		604			730.2
313		663			756.7
314		743			930
315		831			449.2
316		899			1520.8
317		1057			998.2
318		1171			1332.9
319		1289			1385
320		1445			1767.9
321		1602			1127
322		1829			812.5
323		2060			14554.6
324		2327			3868.5
325		2696			2353.6
326		3045			1516.5
327		3421			1206.1
328		3906			1874.1
329		4473			1531.7
330		5211			2361.9
331		5982			958.7
332		6935			2292
333		8121			2494.7
334		9472			5170.1
335		11291			3219.9
336		13558			7368.6
337		16525			63257.9
338		21056			10209.6
339		27913			26549
340		39550			11740.7
341		60936			9737.8
342		101221			33185.2
343		181953			13608.1
344		342354			16789.3
345		672613			15376.8
346		1.34226e+06			19231.9
347		2.733e+06			87922.1
348		5.56647e+06			42134
349		1.14589e+07			24586
350		2.3474e+07			75980.9
351		4.84345e+07			255771

p15.pddl
bound		ida*-bfs (exp)		ss-bfs (exp)
262		1			1
270		2			2
287		3			3
288		4			4
289		5			5
290		6			6
291		7			7
292		9			9
293		11			11
294		14			14
295		18			18
296		23			23
297		29			29.4
298		36			38
299		44			45.2
300		54			61.2
301		65			69.6
302		79			80.1
303		94			85.6
304		113			104.5
305		133			112.8
306		158			156.9
307		184			205
308		216			220.4
309		249			217
310		289			233.2
311		330			327.8
312		379			303.3
313		429			545.7
314		489			382
315		550			868.2
316		621			451.4
317		694			869.8
318		779			1434.6
319		867			187.4
320		968			372.2
321		1073			924
322		1194			2563.8
323		1321			1495
324		1467			1175.4
325		1622			1116.8
326		1802			432
327		1996			682.2
328		2221			355.6
329		2468			156.4
330		2758			851.2
331		3078			863.8
332		3460			103.8
333		3883			876.8
334		4403			1124.7
335		4980			557.9
336		5716			557.6
337		6544			4374.4
338		7661			1372
339		8978			1293.4
340		10916			2300.9
341		13451			7181.7
342		17622			6837
343		23943			22714
344		35427			14680.6
345		55234			18679.7
346		93354			192290
347		164419			13815.3
348		304610			113038
349		576130			366814
350		1.11663e+06			3.05954e+06
351		2.18181e+06			4.02553e+06
352		4.30881e+06			3.78763e+06
353		8.53363e+06			2.10886e+07
354		1.69787e+07			1.28331e+07
355		3.38137e+07			2.77882e+07

p12.pddl
bound		ida*-bfs (exp)		ss-bfs (exp)
218		1			1
252		2			2
256		4			4
259		5			5
261		6			6
262		8			8
264		9			9
265		10			10
270		12			12
271		13			12
273		14			13.4
274		15			15.5
276		16			15.5
277		17			15.5
280		26			22.8
283		31			26.4
284		32			30.6
285		33			30.6
286		34			30.9
287		35			34.1
288		36			45.9
289		39			33.4
290		46			52.8
292		49			53.4
293		53			40.7
294		55			48.5
295		60			59.9
296		69			56.3
297		76			61
298		78			93.3
299		91			75.8
300		98			132.7
301		99			132.7
302		108			95.5
303		122			133.7
304		137			121.1
305		161			112.7
306		169			125.7
307		181			168.9
308		201			200.3
309		224			274.3
310		227			207.3
311		256			251.5
312		277			481.8
313		285			457.7
314		352			377.8
315		384			360.9
316		392			436.6
317		457			341.7
318		493			605.1
319		506			513.6
320		539			498.3
321		639			562.4
322		654			630.7
323		759			891.9
324		821			921.5
325		838			921.5
326		953			868.7
327		1075			817.2
328		1137			621.7
329		1224			1452.2
330		1343			1187.1
331		1422			1078.4
332		1539			1296.7
333		1868			1784.9
334		1956			1422
335		2202			1969.4
336		2418			1131.5
337		2484			1037.9
338		2826			3360.8
339		3144			2159.3
340		3348			2832.1
341		3662			2806.5
342		4102			6836.8
343		4350			4543.8
344		4563			3896.1
345		5290			4151.6
346		5607			3322.4
347		6269			8791.7
348		6943			9840.4
349		7605			13380.3
350		8590			8752.4
351		9937			31942.3
352		11426			13888.8
353		13075			10636.3
354		16271			20273.7
355		21722			17851.3
356		30516			28675.3
357		49297			48088.5
358		83496			72636.9
359		150953			160282
360		283740			274538
361		547879			537501
362		1.07448e+06			1.08535e+06
363		2.12519e+06			2.14715e+06
364		4.22536e+06			4.23615e+06
365		8.4221e+06			8.44637e+06
366		1.68137e+07			1.68417e+07

p13.pddl
bound		ida*-bfs (exp)		ss-bfs (exp)
83		3			3
85		5			5
95		7			7
97		13			13
101		19			18.6
103		31			31
104		39			39.8
105		53			51
106		75			79.6
107		105			93.2
108		133			173.8
109		173			204.2
110		201			190.4
111		233			169.4
112		267			331.2
113		307			271
114		349			175.2
115		395			352.6
116		443			263.8
117		515			404
118		599			166.2
119		733			578.2
120		877			498.6
121		1135			855.8
122		1421			1212.8
123		1925			2945.6
124		2789			3757
125		4485			6328.4
126		7765			9478.2
127		14611			16956.8
128		28741			82079.2
129		58655			100278
130		121673			1961.8
131		255111			4949
132		536767			886133
133		1.13146e+06			2.78891e+06
134		2.38404e+06			2.85905e+06
135		5.01846e+06			1.77316e+06
136		1.05475e+07			13486.8
137		2.21305e+07			4.92164e+07
138		4.63498e+07			4.32947e+08

p07.pddl
bound		ida*-bfs (exp)		ss-bfs (exp)
90		3			3
91		11			11
92		31			30.8
93		80			76.4
94		197			186.5
95		471			484.6
96		1103			950.5
97		2543			2491.4
98		5791			5027.7
99		13055			13157.2
100		29183			27916.8
101		64767			66042.9
102		142848			162968
103		313351			376164
104		684071			712428
105		1.48701e+06			1.46173e+06
106		3.22005e+06			4.21043e+06
107		6.94883e+06			8.24116e+06
108		1.49488e+07			1.12724e+07
109		3.20678e+07			6.59518e+07
110		6.8615e+07			1.25236e+08

p05.pddl
bound		ida*-bfs (exp)		ss-bfs (exp)
255		1			1
256		2			2
257		3			3
258		4			4
259		5			5
260		6			6
261		7			7
262		8			8
263		9			9
264		10			10
265		11			11
266		12			12
267		13			13
268		14			14
269		15			15
270		16			16
271		17			17
272		18			18
273		19			19
274		20			20
275		21			21
276		22			22
277		23			23
278		24			24
279		25			25
280		26			26
281		27			27
282		28			28
283		29			29
284		30			30
285		31			31
286		32			32
287		33			33
288		34			34
289		35			35
290		36			36
291		37			37
292		38			38
293		39			39
294		40			40
295		41			41
296		42			42
297		43			43
298		46			41.8
299		50			8.5
300		57			135.7
301		68			374.8
302		86			64.9
303		118			39.4
304		173			124.6
305		278			126.7
306		470			47.8
307		848			360.4
308		1569			474.4
309		3004			133.6
310		5806			3844.3
311		11402			7595.5
312		22461			15217.3
313		44570			30199.9
314		88526			481
315		176430			31.5
316		351722			3137.4
317		702300			3134.5
318		1.40243e+06			1.83513e+06
319		2.8027e+06			267
320		5.60122e+06			863.2
321		1.11983e+07			1529.6
322		2.23885e+07			1773.9
323		4.47692e+07			1.00668e+08
324		8.95227e+07			8.68229e+08

p01.pddl
bound		ida*-bfs (exp)		ss-bfs (exp)
209		1			1
210		3			3
211		6			6
212		10			10
213		15			15
214		21			21
215		28			28
216		36			36
217		45			45
218		55			55
219		66			66
220		78			78
221		91			91
222		105			105
223		120			120
224		136			136
225		153			153
226		171			171
227		190			190
228		210			210
229		231			231
230		253			253
231		276			276
232		300			300
233		325			325
234		351			351
235		378			378
236		406			406
237		435			435
238		465			465
239		496			496
240		528			528
241		561			561
242		595			595
243		630			630
244		666			666
245		703			703
246		741			741
247		780			780
248		820			820
249		861			861
250		904			732
251		950			1106
252		999			819.2
253		1055			1905.4
254		1118			41.3
255		1196			62.5
256		1289			83.1
257		1409			137
258		1556			366.6
259		1746			156.8
260		1979			147.8
261		2275			183.1
262		2634			3699.9
263		3083			852.3
264		3624			1421.5
265		4292			887.9
266		5097			4001.4
267		6098			4093.8
268		7347			1323.7
269		9001			2455.7
270		11314			3427.4
271		14885			5966.1
272		20906			16759.2
273		31986			7763.5
274		53583			37573.1
275		97356			58847.2
276		187877			96378.4
277		377087			555202
278		774208			1.52675e+06
279		1.60868e+06			2.60359e+06
280		3.36109e+06			3.56419e+06
281		7.0364e+06			4.7864e+06
282		1.47317e+07			1.25977e+07
283		3.08163e+07			1.30985e+07
284		6.43776e+07			2.19188e+07
285		1.3429e+08			1.28886e+08
286		2.79701e+08			3.63599e+08

p10.pddl
bound		ida*-bfs (exp)		ss-bfs (exp)
70		2			2
71		9			9
72		33			33
73		114			114.6
74		384			397.1
75		1271			1105.9
76		4151			4075.5
77		13416			13217.7
78		43014			38778.8
79		137061			132120
80		434637			408622
81		1.37301e+06			1.19224e+06
82		4.32369e+06			3.64386e+06
83		1.35798e+07			8.80285e+06
84		4.25547e+07			4.2724e+07

p04.pddl
bound		ida*-bfs (exp)		ss-bfs (exp)
235		1			1
249		2			2
259		3			3
265		4			4
273		8			8.6
274		10			10.6
275		13			13.2
276		17			16.6
277		23			21.4
278		27			27.4
279		34			33.8
280		39			40
281		45			42.8
282		52			48.2
283		63			61.3
284		70			69.3
285		78			64.4
286		86			94.8
287		95			89.6
288		104			112.4
289		114			129.6
290		129			143.2
291		144			162.9
292		155			141
293		167			201.2
294		179			163.6
295		194			187.1
296		209			227.4
297		239			213.9
298		266			268
299		308			373.8
300		357			324.5
301		432			159.1
302		515			368.2
303		638			291.9
304		774			246.4
305		964			201.4
306		1168			315.3
307		1444			535.3
308		1732			698.9
309		2106			358952
310		2495			1501.9
311		2980			587.8
312		3490			3252.1
313		4124			750.9
314		4788			7221.9
315		5613			21346
316		6482			1401.8
317		7541			582.2
318		8676			797.7
319		10057			13260.9
320		11533			636.1
321		13367			4061.8
322		15361			1815.2
323		17849			1396.9
324		20611			3320.9
325		24118			991.2
326		28010			1208.5
327		33021			3633.5
328		38655			2575.5
329		45989			3780.3
330		54416			133620
331		65731			5459.5
332		79479			16313.2
333		99383			8512.8
334		127095			5621
335		173079			165836
336		250290			59944
337		397323			129290
338		680014			335673
339		1.26002e+06			702137
340		2.44232e+06			1.0936e+06
341		4.9319e+06			1.42632e+06
342		1.00985e+07			3.4658e+07
343		2.10422e+07			9.95894e+07
344		4.38324e+07			2.66091e+08
345		9.20834e+07			3.01064e+07

p06.pddl
bound		ida*-bfs (exp)		ss-bfs (exp)
94		1			1
109		2			2
113		6			6
121		7			7
122		10			9.2
123		12			11.8
124		14			13.9
125		21			21.2
126		23			22.2
127		25			23.6
128		27			28.4
129		29			30.8
130		32			35
131		40			38.7
132		55			52.8
133		65			60.6
134		76			79.8
135		88			100.8
136		101			74.4
137		115			137.8
138		130			92.8
139		146			96.1
140		173			197.2
141		227			273.8
142		265			222.4
143		307			366.8
144		353			386.2
145		408			340.5
146		468			411.2
147		544			264.6
148		622			518.9
149		711			333.6
150		828			863.4
151		978			526.1
152		1143			1029.2
153		1338			16633.4
154		1581			1291.9
155		1879			1755.9
156		2254			1062.4
157		2744			833.7
158		3394			630.2
159		4352			1291.5
160		5820			10340.4
161		8217			3025.6
162		12375			10385.7
163		19982			4510.4
164		34215			3160.4
165		61618			4743.8
166		115150			10088.7
167		220704			12841.2
168		430102			5366.6
169		846877			12088.1
170		1.67801e+06			33602.6
171		3.33735e+06			32982.6
172		6.65279e+06			2.17695e+06
173		1.328e+07			5.52388e+08
174		2.65302e+07			22947.3
175		5.30267e+07			132512
176		1.06017e+08			2.65417e+06

p17.pddl
bound		ida*-bfs (exp)		ss-bfs (exp)
68		2			2
69		5			5
70		9			9
71		14			14
72		20			20
73		27			27
74		35			35
75		44			44
76		54			54
77		65			65
78		77			77
79		90			90
80		104			104
81		119			119
82		138			148.4
83		159			146.8
84		188			83.4
85		221			47.7
86		271			27
87		331			75.7
88		422			166
89		538			64.8
90		718			90.1
91		986			251.2
92		1443			1094.5
93		2222			1077.8
94		3651			1576
95		6300			5914.1
96		11394			6833.3
97		21268			13182.7
98		40702			42056.9
99		79106			32966.2
100		155493			109454
101		307716			135291
102		611935			792969
103		1.22046e+06			431547
104		2.43927e+06			1.19704e+06
105		4.8815e+06			3.36763e+06
106		9.77825e+06			554782
107		1.95988e+07			5.30116e+06
108		3.93005e+07			5.80043e+06

p20.pddl
bound		ida*-bfs (exp)		ss-bfs (exp)
72		1			1
73		2			2
74		3			3
75		4			4
76		5			5
77		7			7
78		10			10
79		14			14
80		19			19
81		25			25
82		32			32
83		40			40
84		50			42.2
85		62			35
86		76			62
87		94			45.6
88		114			43.6
89		141			69.3
90		175			546
91		222			240.8
92		282			276
93		361			136.8
94		461			825.4
95		589			70.1
96		751			143.9
97		956			93.8
98		1215			179.4
99		1547			217
100		1974			753
101		2557			444
102		3384			830.1
103		4701			8112.6
104		6994			3934.7
105		11558			5344.7
106		21599			8814.4
107		45894			560.3
108		108573			176331
109		278302			220396
110		752787			191148
111		2.10934e+06			1.67544e+06
112		6.0464e+06			9.57121e+06
113		1.7593e+07			1.36722e+06

p03.pddl
bound		ida*-bfs (exp)		ss-bfs (exp)
266		3			3
297		7			7
305		9			9
312		13			13
313		17			17
320		19			19
321		21			21
322		23			23
323		25			25
324		27			27
325		29			29
326		35			35
327		37			37
328		45			44.2
329		47			46.2
330		55			55
331		61			61
332		63			63
333		65			65
334		67			67
335		69			69
336		81			83.4
337		83			85.4
338		85			87.4
339		87			86.2
340		95			96.2
341		105			109.4
342		107			113
343		113			115.8
344		133			129.8
345		143			133
346		149			139
347		159			157
348		161			158.2
349		163			160.2
350		165			157
351		177			152.6
352		181			155.4
353		185			158.2
354		189			201.4
355		193			205
356		197			208.6
357		209			205.8
358		223			208.2
359		269			261.4
360		297			298.6
361		331			311
362		359			376.2
363		379			334.2
364		411			390.2
365		447			565.8
366		475			380.6
367		521			477.4
368		561			669.4
369		605			609
370		667			442.6
371		745			495.8
372		813			600.2
373		881			636.6
374		991			712.2
375		1121			757
376		1263			1063.4
377		1347			837.8
378		1465			1075
379		1561			1108.2
380		1675			1300.6
381		1781			1238.6
382		1929			1377
383		2067			1005.4
384		2215			998.6
385		2401			1404.8
386		2645			1379
387		2895			2583
388		3253			1471.6
389		3587			1951.4
390		4087			3765.6
391		4655			2657.4
392		5175			2144
393		5925			4040.8
394		6617			2855.4
395		7477			6794.2
396		8385			2986.2
397		9397			5853.8
398		10559			4299.4
399		11855			6408.2
400		13355			9214.4
401		15063			6961.6
402		16983			12508.8
403		19323			8758.4
404		21929			6280.4
405		25275			10366
406		28837			11390.6
407		32895			9947
408		37581			4970.8
409		42853			9910.6
410		49153			8255.8
411		56109			16447.4
412		64001			9546.6
413		72943			21825.8
414		83193			7829.6
415		94921			10606.6
416		108173			10319.4
417		123297			10550.2
418		140187			20007.4
419		159615			40346.6
420		181871			18826.4
421		206771			17685.2
422		235531			23293.6
423		267111			95149.8
424		303369			17023
425		344435			18166.6
426		390545			111792
427		443363			29758.8
428		502663			28578.4
429		570481			34887
430		647073			23719.8
431		734215			133661
432		833527			262791
433		946065			58010.4
434		1.07531e+06			632598
435		1.22177e+06			49488.4
436		1.38882e+06			137070
437		1.57977e+06			171061
438		1.79586e+06			812050
439		2.04477e+06			49262.4
440		2.32646e+06			54908.4
441		2.6479e+06			71819
442		3.01441e+06			82466.2
443		3.43196e+06			229961
444		3.9103e+06			72289.4
445		4.45556e+06			180205
446		5.07862e+06			372060
447		5.7889e+06			136001
448		6.60111e+06			114547
449		7.53215e+06			330025
450		8.59988e+06			150512
451		9.83504e+06			89275
452		1.1285e+07			415846
453		1.30613e+07			143698
454		1.54734e+07			237943
455		1.93058e+07			204728
456		2.71791e+07			5.30582e+07
457		4.6218e+07			940853
458		1.00384e+08			5.51719e+06
459		2.56954e+08			9.01604e+06

p09.pddl
bound		ida*-bfs (exp)		ss-bfs (exp)
49		1			1
50		3			3
51		7			7
52		15			15
53		31			31
54		63			63
55		127			127
56		256			256
57		516			516
58		1041			1040.8
59		2104			2104
60		4265			4248
61		8684			8593.6
62		17798			17809.8
63		36821			36517
64		77188			79242.8
65		164755			125932
66		360129			413065
67		811079			910934
68		1.89256e+06			1.86374e+06
69		4.59219e+06			5.73826e+06
70		1.15975e+07			1.67424e+07
71		3.04182e+07			9.95526e+06
72		8.2475e+07			9.51728e+07

p08.pddl
bound		ida*-bfs (exp)		ss-bfs (exp)
55		1			1
56		2			2
57		3			3
58		4			4
59		5			5
60		6			6
61		7			7
62		8			8
63		9			9
64		10			10
65		11			11
66		12			12
67		13			13
68		15			15
69		19			19
70		27			27
71		44			44
72		80			80
73		157			157
74		327			327
75		708			708
76		1593			1593
77		3727			3727
78		9089			9089
79		23092			23091
80		60939			60939
81		166155			166160
82		465159			465159
83		1.32888e+06			1.23586e+06
84		3.8535e+06			3.41498e+06
85		1.12942e+07			1.15866e+07
86		3.33501e+07			4.55522e+07

p16.pddl
bound		ida*-bfs (exp)		ss-bfs (exp)
255		2			2
256		6			6
257		16			16
258		38			37.4
259		88			84.8
260		194			216.6
261		428			418.8
262		918			890.4
263		1984			2076.8
264		4202			4850
265		8980			7835.2
266		18878			18487.6
267		40040			48220.8
268		83730			88654.8
269		176572			164048
270		367721			412904
271		771873			694527
272		1.60205e+06			857306
273		3.3499e+06			2.71566e+06
274		6.93332e+06			7.05438e+06
275		1.44508e+07			4249.4

p11.pddl
bound		ida*-bfs (exp)		ss-bfs (exp)
218		1			1
252		2			2
256		4			4
259		5			5
262		7			7
265		8			8
270		9			9
271		10			10.6
274		11			10.6
276		12			11.4
277		13			14.2
280		22			22.6
283		27			27.2
284		28			27.2
286		29			27.2
287		30			26.6
288		31			26.6
289		33			34.3
290		40			47.5
292		41			37.4
293		45			44.9
294		47			44.9
295		50			46
296		59			84.8
297		64			77.9
299		72			77.3
300		79			65.4
301		80			65.4
302		81			65.4
303		95			93.9
304		106			121.1
305		123			134.7
306		131			128.7
307		140			107.8
308		148			160.4
309		170			178.3
310		172			178.3
311		177			207.7
312		198			188.4
313		202			153.3
314		246			168.1
315		278			227.8
316		282			213.2
317		331			219.6
318		367			458.6
319		372			458.6
320		395			513.8
321		492			495.8
322		501			445.6
323		514			609.1
324		576			621.1
325		588			636.3
326		632			671.1
327		742			569.1
328		799			590.3
329		840			885.4
330		927			1356.3
331		986			1083.9
332		1050			1271.1
333		1328			1170.2
334		1412			1449.8
335		1443			2239.1
336		1589			1564.9
337		1637			1537.9
338		1855			2370.5
339		2106			2776.1
340		2266			2195.3
341		2502			2699.9
342		2770			2250
343		2939			4489.3
344		3096			3117.7
345		3627			4899.6
346		3844			6277.3
347		4054			3556
348		4442			2445.8
349		4864			3362.9
350		5492			3459.6
351		6422			7214.6
352		7561			6746.1
353		9076			8122.9
354		11796			17339.8
355		16682			18928.7
356		25298			22794
357		43246			40281.2
358		76839			94048.8
359		143101			161830
360		275039			281805
361		538138			548657
362		1.06397e+06			1.08979e+06
363		2.11374e+06			2.12799e+06
364		4.21203e+06			4.2117e+06
365		8.40848e+06			8.39824e+06
366		1.67987e+07			1.67937e+07
367		3.3578e+07			3.35681e+07

p02.pddl
bound		ida*-bfs (exp)		ss-bfs (exp)
95		2			2
96		8			8
97		31			33.8
98		96			99.2
99		304			343.7
100		854			812.6
101		2509			2728.4
102		6767			7713
103		19209			21691.2
104		50769			54043.5
105		141552			165462
106		370027			359075
107		1.0213e+06			1.03817e+06
108		2.65292e+06			5.52155e+06
109		7.27918e+06			7.63198e+06
110		1.88379e+07			1.42283e+07
111		5.15077e+07			5.7884e+07
112		1.33002e+08			1.12945e+08
