	Report:		ida*-bfs-vs-ss-bfs - using hmax heuristic - 5000 probes.

elevators-opt08-strips

p14.pddl
bound		ida*-bfs (exp)		ss-bfs (exp)
10		1			1
16		13			13
17		19			19
18		28			28
19		32			32
20		43			43
21		55			55.5304
22		313			311.796
23		847			838.322
24		1194			1176.06
25		1594			1534.29
26		2337			2073.45
27		6960			7062.85
28		28352			25302.9
29		66185			67932.8
30		129660			113107
31		193629			188200
32		307419			293861
33		756265			481766
34		3.3145e+06			1.46268e+06

p19.pddl
bound		ida*-bfs (exp)		ss-bfs (exp)
10		1			1
15		2			2
16		5			5
17		8			8
18		10			10
19		12			12
20		13			13
21		19			19.004
22		48			48.6818
23		95			97.835
24		162			160.052
25		231			230.418
26		352			343.16
27		488			479.04
28		1204			1193.49
29		2393			2372.75
30		4532			4488.8
31		9400			8997.47
32		16325			15019.1
33		28455			26578.3
34		49595			44800.4
35		107135			95828.5
36		213294			186551
37		474677			457993
38		973874			806600
39		1.86169e+06			1.5266e+06
40		4.13713e+06			3.50892e+06
41		7.92244e+06			5.36575e+06

p29.pddl
bound		ida*-bfs (exp)		ss-bfs (exp)
9		1			1
14		4			4
15		19			19
16		34			34
17		40			40
18		43			43
20		169			171.729
21		566			562.443
22		1432			1385.49
23		2470			2309.24
24		3636			3371.42
25		5065			4519.2
26		11050			10119.8
27		36853			33820.2
28		128150			118676
29		431064			395557
30		955831			823574
31		1.61828e+06			889685
32		2.38876e+06			2.27874e+06

p18.pddl
bound		ida*-bfs (exp)		ss-bfs (exp)
8		1			1
14		28			28
15		37			37
16		64			64
17		73			73
18		127			127
19		136			136
20		1148			1184.33
21		2921			2958.17
22		4804			4921.52
23		7260			7041.07
24		11828			10692.7
25		14473			13648.2
26		88113			82102.5
27		276970			229107
28		603169			434799
29		1.01236e+06			587067
30		1.78454e+06			1.15123e+06
31		2.56093e+06			1.16619e+06

p15.pddl
bound		ida*-bfs (exp)		ss-bfs (exp)
9		1			1
14		2			2
15		4			4
16		8			8
18		11			11
19		12			12
20		20			20.1796
21		39			39.058
22		65			65.0996
23		120			119.984
24		153			153.599
25		227			225.977
26		301			301.314
27		563			562.858
28		1127			1102.7
29		2169			2121.85
30		4008			3955.35
31		5949			6009.37
32		8955			8784.13
33		13930			13433.3
34		30672			29503.4
35		70410			70587.4
36		143449			129657
37		262108			239704
38		411404			356485
39		686153			595512
40		1.3697e+06			1.15408e+06
41		3.31483e+06			2.76222e+06
42		7.92476e+06			5.80379e+06
43		1.55277e+07			1.50994e+07

p25.pddl
bound		ida*-bfs (exp)		ss-bfs (exp)
9		1			1
14		4			4
15		16			16
16		34			34
17		37			37
18		43			43
20		126			125.613
21		395			399.316
22		966			933.453
23		1721			1658.56
24		2472			2386.71
25		2931			2556.47
26		4582			4361.97
27		15221			13994.6
28		57965			59952.7
29		152689			131181
30		294014			215567
31		421559			309693
32		578384			576415
33		1.43104e+06			986129
34		7.57042e+06			3.26917e+06

p12.pddl
bound		ida*-bfs (exp)		ss-bfs (exp)
10		1			1
16		6			6
17		8			8
18		10			10
20		14			14
21		23			22.9628
22		51			51.5456
23		89			88.0712
24		111			111.529
25		147			148.002
26		205			202.567
27		369			375.465
28		767			721.899
29		1257			1282.19
30		2004			2086.41
31		2691			2487.04
32		4338			4387.89
33		7420			6862.65
34		14649			13145.3
35		28018			28974.6
36		44463			41399
37		71679			60944.6
38		111221			105434
39		202480			159557
40		391012			262111
41		750684			746553
42		1.39236e+06			716109
43		2.27927e+06			1.32802e+06
44		3.98156e+06			2.80108e+06
45		6.86727e+06			4.98463e+06
46		1.32401e+07			7.05824e+06
47		2.63036e+07			2.53492e+07

p13.pddl
bound		ida*-bfs (exp)		ss-bfs (exp)
10		1			1
15		15			15
16		29			29
17		57			57
18		71			71
19		78			78
20		129			128.832
21		252			254.763
22		964			939.958
23		1750			1646
24		3043			2838.95
25		4237			3949.77
26		5702			4740.98
27		13008			11411.5
28		28768			24850.6
29		77289			64257.4
30		141166			116049
31		236474			185293
32		369747			313543
33		575296			479135
34		1.45312e+06			1.12978e+06
35		3.47996e+06			2.28026e+06
36		8.52502e+06			4.77014e+06
37		1.51577e+07			7.97395e+06

p30.pddl
bound		ida*-bfs (exp)		ss-bfs (exp)
9		1			1
14		315			315
15		1257			1257
16		2513			2513
19		18738			18934.3
20		296796			227931
21		1.35643e+06			754766

p07.pddl
bound		ida*-bfs (exp)		ss-bfs (exp)
9		1			1
14		23			23
15		89			89
16		155			155
17		199			199
18		221			221
20		4137			4194.32
21		16504			14503.5
22		35537			29387.9
23		57943			46935.6
24		66413			57194.7
25		131586			99367.8
26		769556			615834
27		4.4234e+06			5.33995e+06

p05.pddl
bound		ida*-bfs (exp)		ss-bfs (exp)
9		1			----zero_info----
14		51			----zero_info----
15		88			----zero_info----
16		151			----zero_info----
17		188			----zero_info----
18		226			----zero_info----
19		2763			----zero_info----
20		8543			----zero_info----
21		21794			----zero_info----
22		31260			----zero_info----
23		40578			----zero_info----
24		49530			----zero_info----
25		443433			----zero_info----
26		2.35158e+06			----zero_info----
27		5.05985e+06			----zero_info----
28		9.1657e+06			----zero_info----

p22.pddl
bound		ida*-bfs (exp)		ss-bfs (exp)
8		1			----zero_info----
13		8			----zero_info----
14		29			----zero_info----
15		71			----zero_info----
16		92			----zero_info----
17		106			----zero_info----
19		280			----zero_info----
20		1312			----zero_info----
21		3071			----zero_info----
22		5800			----zero_info----
23		7853			----zero_info----
24		9507			----zero_info----
25		17473			----zero_info----
26		60393			----zero_info----
27		183717			----zero_info----
28		385114			----zero_info----
29		672343			----zero_info----
30		925476			----zero_info----
31		1.51268e+06			----zero_info----
32		4.62925e+06			----zero_info----
33		1.37768e+07			----zero_info----

p01.pddl
bound		ida*-bfs (exp)		ss-bfs (exp)
9		1			1
14		7			7
15		13			13
16		25			25
18		28			28
19		37			37.1104
20		99			98.0692
21		267			264.237
22		426			414.368
23		698			669.624
24		811			765.753
25		1147			1092.79
26		2299			2218.93
27		6211			6305.71
28		12365			11329.3
29		21035			19657.7
30		33004			31841.2
31		43829			43061.6
32		82401			81648.6
33		176855			171940
34		448076			375206
35		889206			682163
36		1.66857e+06			1.6294e+06
37		2.54766e+06			1.64855e+06
38		3.94092e+06			3.41007e+06
39		8.52498e+06			6.10659e+06
40		2.00918e+07			1.18675e+07
41		4.89885e+07			2.62794e+07

p10.pddl
bound		ida*-bfs (exp)		ss-bfs (exp)
8		1			----zero_info----
14		19			----zero_info----
15		73			----zero_info----
16		100			----zero_info----
17		109			----zero_info----
19		385			----zero_info----
20		1894			----zero_info----
21		5911			----zero_info----
22		12364			----zero_info----
23		15998			----zero_info----
24		19450			----zero_info----
25		39359			----zero_info----
26		272229			----zero_info----
27		936942			----zero_info----
28		2.23005e+06			----zero_info----
29		3.83252e+06			----zero_info----

p04.pddl
bound		ida*-bfs (exp)		ss-bfs (exp)
8		1			----zero_info----
13		26			----zero_info----
14		101			----zero_info----
15		201			----zero_info----
16		251			----zero_info----
18		276			----zero_info----
19		4515			----zero_info----
20		21805			----zero_info----
21		54018			----zero_info----
22		78557			----zero_info----
23		90754			----zero_info----
24		101066			----zero_info----
25		1.59868e+06			----zero_info----
26		7.61492e+06			----zero_info----

p26.pddl
bound		ida*-bfs (exp)		ss-bfs (exp)
8		1			----zero_info----
14		148			----zero_info----
15		491			----zero_info----
16		687			----zero_info----
17		736			----zero_info----
18		785			----zero_info----
19		4165			----zero_info----
20		27328			----zero_info----
21		107203			----zero_info----
22		278777			----zero_info----
23		475980			----zero_info----
24		571604			----zero_info----
25		1.1772e+06			----zero_info----

p06.pddl
bound		ida*-bfs (exp)		ss-bfs (exp)
9		1			----zero_info----
14		19			----zero_info----
15		55			55
16		82			----zero_info----
17		100			----zero_info----
19		685			----zero_info----
20		3187			----zero_info----
21		8632			----zero_info----
22		13276			----zero_info----
23		16225			----zero_info----
24		17812			----zero_info----
25		97543			----zero_info----
26		1.03437e+06			----zero_info----
27		3.31267e+06			----zero_info----
28		5.61709e+06			----zero_info----

p17.pddl
bound		ida*-bfs (exp)		ss-bfs (exp)
11		1			1
16		26			26
17		101			101
18		151			151
19		201			201
20		251			251
21		326			326
22		5622			5716.89
23		20583			20455.7
24		34120			33254
25		49789			44036.3
26		66879			61133.9
27		191951			162559
28		1.88323e+06			1.51385e+06
29		4.76616e+06			3.70619e+06

p20.pddl
bound		ida*-bfs (exp)		ss-bfs (exp)
8		1			----zero_info----
14		4			----zero_info----
15		13			----zero_info----
16		16			----zero_info----
17		25			----zero_info----
18		37			----zero_info----
19		40			----zero_info----
20		147			----zero_info----
21		514			----zero_info----
22		957			----zero_info----
23		1443			----zero_info----
24		2324			----zero_info----
25		3144			----zero_info----
26		13877			----zero_info----
27		45127			----zero_info----
28		105218			----zero_info----
29		186038			----zero_info----
30		338200			----zero_info----
31		572085			----zero_info----
32		1.28446e+06			----zero_info----

p28.pddl
bound		ida*-bfs (exp)		ss-bfs (exp)
8		1			----zero_info----
14		149			----zero_info----
15		334			----zero_info----
16		445			----zero_info----
17		519			----zero_info----
18		556			----zero_info----
19		1222			----zero_info----
20		38035			----zero_info----
21		108192			----zero_info----
22		188034			----zero_info----
23		241746			----zero_info----
24		279012			----zero_info----
25		1.32116e+06			----zero_info----

p23.pddl
bound		ida*-bfs (exp)		ss-bfs (exp)
8		1			----zero_info----
14		13			----zero_info----
15		34			----zero_info----
16		40			----zero_info----
17		43			----zero_info----
19		57			----zero_info----
20		288			----zero_info----
21		1043			----zero_info----
22		2388			----zero_info----
23		3375			----zero_info----
24		3922			----zero_info----
25		4280			----zero_info----
26		18386			----zero_info----
27		79687			----zero_info----
28		244088			----zero_info----
29		518039			----zero_info----
30		837919			----zero_info----
31		1.04223e+06			----zero_info----
32		2.57002e+06			----zero_info----
33		1.09466e+07			----zero_info----

p21.pddl
bound		ida*-bfs (exp)		ss-bfs (exp)
9		1			----zero_info----
14		4			----zero_info----
15		22			----zero_info----
16		37			----zero_info----
17		43			----zero_info----
20		220			----zero_info----
21		844			----zero_info----
22		1424			----zero_info----
23		1843			----zero_info----
24		2034			----zero_info----
25		2452			----zero_info----
26		14772			----zero_info----
27		50467			----zero_info----
28		92722			----zero_info----
29		122292			----zero_info----
30		142238			----zero_info----
31		224578			----zero_info----
32		1.30574e+06			----zero_info----
33		4.69119e+06			----zero_info----
34		9.21924e+06			----zero_info----
35		1.31689e+07			----zero_info----
36		1.58594e+07			----zero_info----

p03.pddl
bound		ida*-bfs (exp)		ss-bfs (exp)
8		1			1
14		7			7
15		22			22
16		25			25
17		28			28
19		60			60.868
20		225			224.427
21		426			425.061
22		772			745.22
23		975			986.174
24		1126			1084.45
25		1381			1346.09
26		5916			5766.07
27		17918			17952.1
28		32290			28863.7
29		51765			50121.2
30		67989			56849.2
31		93482			91642.8
32		228760			167323
33		766891			634435
34		1.89276e+06			1.95967e+06
35		3.59185e+06			2.46006e+06
36		5.49037e+06			----zero_info----
37		7.84087e+06			----zero_info----
38		1.47963e+07			----zero_info----

p24.pddl
bound		ida*-bfs (exp)		ss-bfs (exp)
7		1			----zero_info----
13		19			----zero_info----
14		91			----zero_info----
15		118			----zero_info----
16		145			----zero_info----
19		814			----zero_info----
20		5674			----zero_info----
21		15649			----zero_info----
22		20634			----zero_info----
23		25862			----zero_info----
24		26827			----zero_info----
25		63735			----zero_info----
26		628587			----zero_info----
27		2.97885e+06			----zero_info----

p09.pddl
bound		ida*-bfs (exp)		ss-bfs (exp)
9		1			1
14		7			7
15		19			----zero_info----
16		25			----zero_info----
17		31			----zero_info----
19		40			----zero_info----
20		220			----zero_info----
21		643			----zero_info----
22		1338			----zero_info----
23		1823			----zero_info----
24		2114			----zero_info----
25		2399			----zero_info----
26		19517			----zero_info----
27		80119			----zero_info----
28		160934			----zero_info----
29		286874			----zero_info----
30		352495			----zero_info----
31		684574			----zero_info----
32		2.48411e+06			----zero_info----
33		1.08448e+07			9.34927e+06

p08.pddl
bound		ida*-bfs (exp)		ss-bfs (exp)
9		1			----zero_info----
14		75			----zero_info----
15		149			----zero_info----
16		371			----zero_info----
18		408			----zero_info----
19		1345			1355.25
20		17190			15157.6
21		78164			58015.7
22		91507			69905.4
23		146610			103787
24		167490			120818
25		543832			320316
26		4.77922e+06			3.21533e+06

p16.pddl
bound		ida*-bfs (exp)		ss-bfs (exp)
10		1			1
16		13			13
17		19			19
18		28			28
19		31			31
20		40			40
21		55			55.024
22		223			222.18
23		515			513.826
24		766			742.767
25		1093			1038.06
26		1588			1469.89
27		2194			2044.09
28		7959			6929.34
29		19199			16753.7
30		39017			26807.4
31		62947			42591.1
32		105346			119200
33		165843			151698
34		428986			254054
35		1.14869e+06			1.17042e+06
36		2.66433e+06			1.4247e+06
37		5.72324e+06			3.38701e+06
38		9.95214e+06			5.30385e+06

p11.pddl
bound		ida*-bfs (exp)		ss-bfs (exp)
11		1			----zero_info----
16		4			----zero_info----
17		6			----zero_info----
18		9			----zero_info----
19		10			10
20		13			----zero_info----
21		18			17.9336
22		28			----zero_info----
23		49			----zero_info----
24		69			----zero_info----
25		100			----zero_info----
26		141			----zero_info----
27		228			----zero_info----
28		330			330.788
29		484			492.587
30		744			----zero_info----
31		1110			----zero_info----
32		2136			----zero_info----
33		4053			----zero_info----
34		6438			----zero_info----
35		9481			----zero_info----
36		13601			----zero_info----
37		23120			----zero_info----
38		49694			----zero_info----
39		108910			141036
40		201411			161511
41		325585			----zero_info----
42		511106			----zero_info----
43		861425			----zero_info----
44		1.85865e+06			----zero_info----
45		4.19696e+06			----zero_info----
46		8.38066e+06			1.02323e+07
47		1.5137e+07			7.43446e+06
48		2.53289e+07			1.80712e+07

p27.pddl
bound		ida*-bfs (exp)		ss-bfs (exp)
9		1			----zero_info----
14		3			----zero_info----
15		7			----zero_info----
16		12			----zero_info----
17		13			----zero_info----
18		14			----zero_info----
19		17			----zero_info----
20		47			----zero_info----
21		155			----zero_info----
22		235			----zero_info----
23		327			----zero_info----
24		370			----zero_info----
25		441			----zero_info----
26		2201			----zero_info----
27		7674			----zero_info----
28		14794			----zero_info----
29		21739			----zero_info----
30		28102			----zero_info----
31		40412			----zero_info----
32		135055			----zero_info----
33		746650			----zero_info----
34		1.84701e+06			----zero_info----
35		3.17698e+06			----zero_info----
36		4.51155e+06			----zero_info----
37		6.15626e+06			----zero_info----

p02.pddl
bound		ida*-bfs (exp)		ss-bfs (exp)
7		1			1
13		51			51
14		151			151
15		188			188
16		238			238
18		251			251
19		2753			2696.52
20		13573			12365.5
21		32300			26621
22		44554			37795.6
23		55026			44882.7
24		59448			50278
25		191936			136015
26		1.20417e+06			819693

Files that contains zero_info:
p03.pddl
p04.pddl
p05.pddl
p06.pddl
p08.pddl
p09.pddl
p10.pddl
p11.pddl
p20.pddl
p21.pddl
p22.pddl
p23.pddl
p24.pddl
p26.pddl
p27.pddl
p28.pddl
