	Report:		ida*-bfs-vs-ss-bfs - using hmax heuristic - 5000 probes.

elevators-opt11-strips

p14.pddl
bound		ida*-bfs (exp)		ss-bfs (exp)
9		1			----zero_info----
14		75			----zero_info----
15		149			----zero_info----
16		371			----zero_info----
18		408			----zero_info----
19		1345			----zero_info----
20		17190			----zero_info----
21		78164			----zero_info----
22		91507			----zero_info----
23		146610			----zero_info----
24		167490			----zero_info----
25		543832			----zero_info----
26		4.77922e+06			2.86576e+06

p19.pddl
bound		ida*-bfs (exp)		ss-bfs (exp)
8		1			1
14		13			13
15		34			34
16		40			40
17		43			43
19		57			56.805
20		288			280.881
21		1043			984.209
22		2388			2255.32
23		3375			3428.87
24		3922			3859.44
25		4280			4067.07
26		18386			17652.2
27		79687			64791.1
28		244088			207272
29		518039			390676
30		837919			512131
31		1.04223e+06			775703
32		2.57002e+06			1.70578e+06
33		1.09466e+07			6.08991e+06

p18.pddl
bound		ida*-bfs (exp)		ss-bfs (exp)
8		1			1
14		28			28
15		37			37
16		64			64
17		73			73
18		127			127
19		136			136
20		1148			1164.85
21		2921			2949.67
22		4804			4718.72
23		7260			6668.17
24		11828			11231.9
25		14473			13404.4
26		88113			80370.8
27		276970			248084
28		603169			520483
29		1.01236e+06			755676
30		1.78454e+06			1.25249e+06
31		2.56093e+06			2.46865e+06

p15.pddl
bound		ida*-bfs (exp)		ss-bfs (exp)
9		1			1
14		7			7
15		19			19
16		25			25
17		31			31
19		40			39.8848
20		220			214.169
21		643			613.75
22		1338			1354.07
23		1823			1751.62
24		2114			1986.08
25		2399			2303.06
26		19517			17145.7
27		80119			68279.7
28		160934			132593
29		286874			211469
30		352495			298372
31		684574			566421
32		2.48411e+06			1.68567e+06
33		1.08448e+07			5.3251e+06

p12.pddl
bound		ida*-bfs (exp)		ss-bfs (exp)
9		1			1
14		19			19
15		55			55
16		82			82
17		100			100
19		685			696.583
20		3187			3031.07
21		8632			8584.98
22		13276			11863.2
23		16225			14598.2
24		17812			15410.3
25		97543			70367
26		1.03437e+06			695714
27		3.31267e+06			2.37989e+06
28		5.61709e+06			4.47521e+06

p13.pddl
bound		ida*-bfs (exp)		ss-bfs (exp)
9		1			1
14		23			23
15		89			89
16		155			155
17		199			199
18		221			221
20		4137			4202.99
21		16504			----zero_info----
22		35537			----zero_info----
23		57943			----zero_info----
24		66413			----zero_info----
25		131586			----zero_info----
26		769556			----zero_info----
27		4.4234e+06			----zero_info----

p07.pddl
bound		ida*-bfs (exp)		ss-bfs (exp)
8		1			1
14		148			148
15		491			491
16		687			687
17		736			736
18		785			785
19		4165			4320.87
20		27328			26442
21		107203			96130.1
22		278777			199023
23		475980			293696
24		571604			346828
25		1.1772e+06			598063

p05.pddl
bound		ida*-bfs (exp)		ss-bfs (exp)
10		1			1
15		15			15
16		29			29
17		57			57
18		71			71
19		78			78
20		129			129.342
21		252			252.47
22		964			950.338
23		1750			1699.25
24		3043			2876.21
25		4237			3820.75
26		5702			4894.15
27		13008			11614
28		28768			24947.7
29		77289			62776
30		141166			108087
31		236474			179111
32		369747			275424
33		575296			597475
34		1.45312e+06			992220
35		3.47996e+06			2.2307e+06
36		8.52502e+06			6.39121e+06
37		1.51577e+07			8.599e+06

p01.pddl
bound		ida*-bfs (exp)		ss-bfs (exp)
11		1			----zero_info----
16		4			4
17		6			6
18		9			9
19		10			10
20		13			13
21		18			17.9108
22		28			28.1616
23		49			48.7742
24		69			69.486
25		100			100.146
26		141			141.418
27		228			227.319
28		330			329.723
29		484			495.867
30		744			763.974
31		1110			1112.3
32		2136			2169.16
33		4053			3918.24
34		6438			6597.02
35		9481			9479.01
36		13601			12982.9
37		23120			21856.3
38		49694			45759.9
39		108910			89317.6
40		201411			145862
41		325585			382358
42		511106			358883
43		861425			1.14012e+06
44		1.85865e+06			1.8129e+06
45		4.19696e+06			2.13568e+06
46		8.38066e+06			4.67719e+06
47		1.5137e+07			7.9647e+06
48		2.53289e+07			2.37567e+07

p10.pddl
bound		ida*-bfs (exp)		ss-bfs (exp)
10		1			1
16		13			13
17		19			19
18		28			28
19		32			32
20		43			43
21		55			55.603
22		313			308.465
23		847			812.057
24		1194			1133.28
25		1594			1511.59
26		2337			2215.96
27		6960			5993.39
28		28352			24150.8
29		66185			51304.6
30		129660			127845
31		193629			159857
32		307419			239893
33		756265			484222
34		3.3145e+06			2.48001e+06

p04.pddl
bound		ida*-bfs (exp)		ss-bfs (exp)
8		1			1
14		7			7
15		22			22
16		25			25
17		28			28
19		60			61.3216
20		225			227.513
21		426			421.271
22		772			761.6
23		975			928.932
24		1126			1122.66
25		1381			1383.96
26		5916			5648.82
27		17918			16790.6
28		32290			30237.3
29		51765			49673.9
30		67989			62060.9
31		93482			75590.2
32		228760			164420
33		766891			569952
34		1.89276e+06			1.39012e+06
35		3.59185e+06			1.87857e+06
36		5.49037e+06			3.53417e+06
37		7.84087e+06			4.90822e+06
38		1.47963e+07			1.56012e+07

p06.pddl
bound		ida*-bfs (exp)		ss-bfs (exp)
8		1			1
13		26			26
14		101			101
15		201			201
16		251			251
18		276			276
19		4515			4395.85
20		21805			18732.5
21		54018			46850.5
22		78557			64490.6
23		90754			67191.7
24		101066			69624
25		1.59868e+06			1.00576e+06
26		7.61492e+06			3.86993e+06

p17.pddl
bound		ida*-bfs (exp)		ss-bfs (exp)
11		1			1
16		26			26
17		101			101
18		151			151
19		201			201
20		251			251
21		326			326
22		5622			5541.11
23		20583			19914.5
24		34120			31766.6
25		49789			46675.7
26		66879			59192.1
27		191951			163023
28		1.88323e+06			1.62288e+06
29		4.76616e+06			3.80648e+06

p20.pddl
bound		ida*-bfs (exp)		ss-bfs (exp)
7		1			1
13		19			19
14		91			91
15		118			118
16		145			145
19		814			802.3
20		5674			5849.79
21		15649			13868.1
22		20634			20418.1
23		25862			23856
24		26827			23935.8
25		63735			59550.3
26		628587			552231
27		2.97885e+06			1.86524e+06

p03.pddl
bound		ida*-bfs (exp)		ss-bfs (exp)
10		1			1
16		6			6
17		8			8
18		10			10
20		14			14
21		23			22.7792
22		51			50.498
23		89			89.9
24		111			110.452
25		147			147.817
26		205			202.019
27		369			358.057
28		767			774.187
29		1257			1327.22
30		2004			1948.04
31		2691			2685.72
32		4338			4320.87
33		7420			6478.88
34		14649			15077.8
35		28018			25288.3
36		44463			42077.3
37		71679			62192.3
38		111221			113264
39		202480			164588
40		391012			392631
41		750684			499170
42		1.39236e+06			1.67013e+06
43		2.27927e+06			4.01997e+06
44		3.98156e+06			3.32525e+06
45		6.86727e+06			2.85791e+06
46		1.32401e+07			7.14349e+06
47		2.63036e+07			1.42851e+07

p09.pddl
bound		ida*-bfs (exp)		ss-bfs (exp)
8		1			1
13		8			8
14		29			29
15		71			71
16		92			92
17		106			106
19		280			277.762
20		1312			1235.71
21		3071			2767.98
22		5800			5314.19
23		7853			6756.41
24		9507			8577.84
25		17473			15043.7
26		60393			57670.9
27		183717			140146
28		385114			284447
29		672343			525662
30		925476			669025
31		1.51268e+06			3.29954e+06
32		4.62925e+06			6.14816e+06
33		1.37768e+07			6.76106e+06

p08.pddl
bound		ida*-bfs (exp)		ss-bfs (exp)
9		1			1
14		51			51
15		88			88
16		151			151
17		188			188
18		226			226
19		2763			2739.03
20		8543			7950.75
21		21794			17992.1
22		31260			26303.3
23		40578			30945.4
24		49530			40242.4
25		443433			302295
26		2.35158e+06			1.4637e+06
27		5.05985e+06			2.48266e+06
28		9.1657e+06			5.01831e+06

p16.pddl
bound		ida*-bfs (exp)		ss-bfs (exp)
9		1			1
14		2			2
15		4			4
16		8			8
18		11			11
19		12			12
20		20			20.0044
21		39			38.758
22		65			65.2016
23		120			120.095
24		153			152.936
25		227			226.947
26		301			300.196
27		563			553.516
28		1127			1096.56
29		2169			2118.15
30		4008			3924.58
31		5949			5660.01
32		8955			8669.62
33		13930			12874.8
34		30672			29639.5
35		70410			61835.9
36		143449			131469
37		262108			226432
38		411404			388543
39		686153			686950
40		1.3697e+06			1.24844e+06
41		3.31483e+06			3.69447e+06
42		7.92476e+06			7.23174e+06
43		1.55277e+07			1.46168e+07

p11.pddl
bound		ida*-bfs (exp)		ss-bfs (exp)
8		1			1
14		149			149
15		334			334
16		445			445
17		519			519
18		556			556
19		1222			1202.44
20		38035			34433.4
21		108192			88968.8
22		188034			140654
23		241746			156068
24		279012			175507
25		1.32116e+06			872471

p02.pddl
bound		ida*-bfs (exp)		ss-bfs (exp)
9		1			1
14		4			4
15		22			22
16		37			37
17		43			43
20		220			214.037
21		844			846.691
22		1424			1436.17
23		1843			1737.29
24		2034			1976.52
25		2452			2393.37
26		14772			14943.5
27		50467			43284.3
28		92722			88157.4
29		122292			103625
30		142238			109929
31		224578			161333
32		1.30574e+06			839429
33		4.69119e+06			2.76426e+06
34		9.21924e+06			1.00593e+07
35		1.31689e+07			1.02706e+07
36		1.58594e+07			1.09514e+07
