	Report:		ida*-bfs-vs-ss-bfs - using hmax heuristic - 5000 probes.

tidybot-opt11-strips

p14.pddl
bound		ida*-bfs (exp)		ss-bfs (exp)
9		5			5
10		27			26.9488
11		127			126.627
12		575			572.016
13		2236			2195.47
14		9504			9457.55
15		34210			33592.8
16		142108			139431
17		487809			----zero_info----
18		2.01548e+06			----zero_info----

p19.pddl
bound		ida*-bfs (exp)		ss-bfs (exp)
13		8			----zero_info----
14		51			----zero_info----
15		250			----zero_info----
16		1585			----zero_info----
17		5222			----zero_info----
18		34248			----zero_info----
19		93422			----zero_info----
20		624050			----zero_info----
21		1.5317e+06			----zero_info----

p18.pddl
bound		ida*-bfs (exp)		ss-bfs (exp)
9		4			4
10		7			7.0012
11		44			43.7752
12		115			114.8
13		498			495.666
14		1577			----zero_info----
15		6134			----zero_info----
16		20986			----zero_info----
17		78401			----zero_info----
18		276476			----zero_info----
19		1.01744e+06			----zero_info----

p15.pddl
bound		ida*-bfs (exp)		ss-bfs (exp)
13		22			22.2624
14		288			286.495
15		1886			1907.42
16		11201			11071.2
17		66287			----zero_info----
18		289088			----zero_info----
19		1.67548e+06			----zero_info----

p12.pddl
bound		ida*-bfs (exp)		ss-bfs (exp)
13		13			13
14		39			38.7116
15		256			256.116
16		976			973.795
17		4242			4218.6
18		19144			19086.7
19		68102			68424.5
20		337874			337524
21		1.08869e+06			1.08593e+06

p13.pddl
bound		ida*-bfs (exp)		ss-bfs (exp)
8		3			3
9		11			11.0004
10		43			43.1322
11		169			168.955
12		527			523.7
13		2256			2230.7
14		6266			6290.93
15		28808			28933.7
16		74289			73108
17		363909			361850
18		889119			897136

p07.pddl
bound		ida*-bfs (exp)		ss-bfs (exp)
7		2			2
8		10			9.997
9		48			47.6852
10		227			223.994
11		963			945.393
12		3961			3902.07
13		16426			15811.3
14		64093			60674.3
15		257457			249844
16		975342			933406
17		3.78642e+06			3.53651e+06

p05.pddl
bound		ida*-bfs (exp)		ss-bfs (exp)
16		11			11
17		78			78
18		304			298.945
19		2491			2474.11
20		6856			6854.47
21		56604			56101.5
22		135572			133657
23		1.08652e+06			1.07866e+06
24		2.41259e+06			2.38785e+06

p01.pddl
bound		ida*-bfs (exp)		ss-bfs (exp)
1		1			1
2		8			8
3		49			49.0382
4		278			279.162

p10.pddl
bound		ida*-bfs (exp)		ss-bfs (exp)
13		13			13
14		28			27.8968
15		236			----zero_info----
16		573			----zero_info----
17		3417			----zero_info----
18		9699			----zero_info----
19		46775			----zero_info----
20		154249			----zero_info----
21		639057			----zero_info----
22		2.38703e+06			----zero_info----

p04.pddl
bound		ida*-bfs (exp)		ss-bfs (exp)
16		9			9
17		57			56.92
18		201			201.603
19		1174			1173.71
20		3304			3256.87
21		16719			16604.8
22		46440			45991.5
23		204958			204068
24		593506			583241
25		2.34015e+06			2.29765e+06
26		7.16016e+06			7.08728e+06

p06.pddl
bound		ida*-bfs (exp)		ss-bfs (exp)
16		9			9
17		12			12
18		139			138.508
19		281			279.052
20		1891			1872.29
21		5729			5700.88
22		26605			26295.8
23		107616			106614
24		395280			391067
25		1.8902e+06			1.84715e+06
26		6.12089e+06			6.02017e+06

p17.pddl
bound		ida*-bfs (exp)		ss-bfs (exp)
12		6			6
13		33			33
14		137			137.042
15		677			675.544
16		2480			2490.5
17		10810			----zero_info----
18		40249			----zero_info----
19		158401			----zero_info----
20		615895			----zero_info----
21		2.23564e+06			----zero_info----

p20.pddl
bound		ida*-bfs (exp)		ss-bfs (exp)
16		9			9
17		10			10
18		125			125
19		157			156.721
20		1378			----zero_info----
21		2019			----zero_info----
22		14194			----zero_info----
23		24521			----zero_info----
24		142818			142740
25		290031			----zero_info----
26		1.44209e+06			----zero_info----

p03.pddl
bound		ida*-bfs (exp)		ss-bfs (exp)
6		1			1
7		5			4.9936
8		25			24.822
9		115			113.428
10		497			496.215
11		2115			2123.2
12		8801			8586.95
13		35920			33484.4
14		145400			135070
15		574649			566835
16		2.27658e+06			2.14954e+06

p09.pddl
bound		ida*-bfs (exp)		ss-bfs (exp)
11		6			6
12		50			----zero_info----
13		251			----zero_info----
14		1151			----zero_info----
15		5354			----zero_info----
16		20161			----zero_info----
17		91084			89022
18		338203			----zero_info----
19		1.46782e+06			----zero_info----

p08.pddl
bound		ida*-bfs (exp)		ss-bfs (exp)
11		6			----zero_info----
12		28			----zero_info----
13		93			----zero_info----
14		461			----zero_info----
15		1085			----zero_info----
16		5371			----zero_info----
17		11216			----zero_info----
18		55143			----zero_info----
19		108888			----zero_info----
20		534574			----zero_info----
21		1.02578e+06			----zero_info----
22		5.07366e+06			----zero_info----

p16.pddl
bound		ida*-bfs (exp)		ss-bfs (exp)
13		13			13
14		19			19
15		232			231.201
16		367			365.698
17		3330			3340.13
18		5855			5818.21
19		44421			----zero_info----
20		86361			----zero_info----
21		575801			----zero_info----
22		1.22509e+06			----zero_info----

p11.pddl
bound		ida*-bfs (exp)		ss-bfs (exp)
7		2			----zero_info----
8		6			----zero_info----
9		23			----zero_info----
10		80			----zero_info----
11		228			225.237
12		866			865.5
13		2122			2078.56
14		8464			8374.12
15		19124			18637.5
16		79258			79341.3
17		170426			165306
18		729384			726148
19		1.52366e+06			1.48613e+06

p02.pddl
bound		ida*-bfs (exp)		ss-bfs (exp)
11		5			5
12		22			21.9648
13		77			76.9096
14		331			329.88
15		882			883.42
16		3464			3445.65
17		8716			8743.95
18		31362			31316.6
19		78201			78081.6
20		261164			261665
21		655382			655179
22		2.06138e+06			2.0435e+06
23		5.23236e+06			5.22792e+06
24		1.57105e+07			1.58242e+07

Files that contains zero_info:
p08.pddl
p09.pddl
p10.pddl
p11.pddl
p14.pddl
p15.pddl
p16.pddl
p17.pddl
p18.pddl
p19.pddl
p20.pddl
