Experiment 2: barman-opt11-strips using gapdb_deep heuristic with 1000 probes



instance_name: pfile01-002_F_76.csv

A*:	{
		(0_ipdb,1.87585e+07)
		(1_lmcut,7.80714e+06)
		(2_gapdb,9.12683e+06)
		(3_gapdb,5.05894e+06)
		(4_gapdb,2.0193e+07)
		(5_gapdb,5.97877e+06)
		(6_gapdb,5.88796e+06)
		(7_gapdb,4.7914e+06)
		(8_gapdb,1.96735e+06)
		(9_mands,2.66771e+07)
		(10_gapdb,2.38517e+07)
		(11_gapdb,1.15494e+07)
		(12_gapdb,7.93581e+06)
	}
ss:	{
		(0_ipdb,1.26342e+37),
		(1_gapdb,2.51103e+41),
		(2_lmcut,2.45792e+35),
		(3_gapdb,2.06872e+42),
		(4_gapdb,2.51812e+41),
		(5_gapdb,7.37128e+42),
		(6_gapdb,8.11818e+39),
		(7_gapdb,2.07329e+42),
		(8_gapdb,4.54052e+43),
		(9_gapdb,2.36073e+40),
		(10_gapdb,1.43371e+41),
		(11_mands,4.18294e+38),
		(12_gapdb,3.36018e+41),
	}

Measure_1:

-A* h1/h2
	1	2.40274	2.05531	3.70799	0.928961	3.13752	3.18591	3.91504	9.53491	0.703169	0.786464	1.6242	2.36378
	0.416192	1	0.855405	1.54324	0.386626	1.30581	1.32595	1.62941	3.96835	0.292653	0.32732	0.675978	0.983786
	0.486544	1.16904	1	1.8041	0.45198	1.52654	1.55008	1.90484	4.63915	0.342122	0.382649	0.790243	1.15008
	0.269688	0.647989	0.554293	1	0.250529	0.846151	0.859201	1.05584	2.57145	0.189636	0.2121	0.438026	0.637483
	1.07647	2.58648	2.21249	3.99155	1	3.37745	3.42954	4.21443	10.2641	0.756941	0.846606	1.7484	2.54454
	0.318723	0.765808	0.655076	1.18182	0.296081	1	1.01542	1.24781	3.039	0.224116	0.250664	0.517669	0.753391
	0.313882	0.754176	0.645127	1.16387	0.291584	0.984811	1	1.22886	2.99284	0.220712	0.246857	0.509807	0.741948
	0.255426	0.61372	0.52498	0.947115	0.23728	0.801402	0.813762	1	2.43546	0.179607	0.200883	0.414861	0.603769
	0.104878	0.251994	0.215557	0.388886	0.0974273	0.329056	0.334131	0.4106	1	0.0737468	0.0824826	0.170342	0.247908
	1.42213	3.41701	2.92293	5.27326	1.32111	4.46197	4.53079	5.5677	13.5599	1	1.11846	2.30983	3.36161
	1.27151	3.05511	2.61336	4.71476	1.18119	3.9894	4.05093	4.97802	12.1238	0.894089	1	2.06519	3.00558
	0.615689	1.47934	1.26543	2.28297	0.571951	1.93174	1.96153	2.41044	5.87054	0.432933	0.484217	1	1.45535
	0.423051	1.01648	0.869503	1.56867	0.392998	1.32733	1.3478	1.65626	4.03376	0.297476	0.332715	0.687119	1

-ss h1/h2
	1	5.03148e-05	51.4019	6.10724e-06	5.01731e-05	1.71397e-06	0.00155628	6.09378e-06	2.78254e-07	0.000535181	8.81226e-05	0.0302041	3.75997e-05
	19874.9	1	1.02161e+06	0.121381	0.997184	0.034065	30.9309	0.121113	0.00553026	10.6367	1.75142	600.302	0.74729
	0.0194545	9.78852e-07	1	1.18814e-07	9.76095e-07	3.33446e-08	3.02768e-05	1.18552e-07	5.4133e-09	1.04117e-05	1.71438e-06	0.000587606	7.31486e-07
	163740	8.23855	8.41655e+06	1	8.21535	0.280646	254.826	0.997796	0.0455613	87.6306	14.4292	4945.62	6.15658
	19931	1.00282	1.02449e+06	0.121723	1	0.0341612	31.0183	0.121455	0.00554588	10.6667	1.75637	601.997	0.7494
	583439	29.3556	2.99899e+07	3.56321	29.273	1	907.996	3.55535	0.162344	312.246	51.4142	17622.2	21.9372
	642.557	0.0323301	33028.6	0.00392425	0.0322391	0.00110133	1	0.0039156	0.000178794	0.343884	0.0566238	19.4078	0.02416
	164102	8.25675	8.43514e+06	1.00221	8.23349	0.281266	255.389	1	0.0456619	87.8242	14.4611	4956.54	6.17018
	3.59384e+06	180.823	1.8473e+08	21.9484	180.314	6.15975	5593.03	21.9001	1	1923.36	316.698	108549	135.127
	1868.53	0.0940145	96045.7	0.0114115	0.0937498	0.00320261	2.90795	0.0113864	0.000519925	1	0.164659	56.4371	0.0702561
	11347.8	0.570964	583300	0.0693039	0.569356	0.0194499	17.6604	0.0691512	0.00315758	6.07315	1	342.751	0.426676
	33.1081	0.00166583	1701.82	0.000202199	0.00166114	5.67465e-05	0.0515256	0.000201754	9.21246e-06	0.0177188	0.00291757	1	0.00124486
	26595.9	1.33817	1.36708e+06	0.162428	1.3344	0.0455847	41.3908	0.16207	0.00740042	14.2336	2.3437	803.305	1

Measure_2:
- The heuristics that have the similar ratio are:
	(h1     ,h2     ):	fracss	-	fracastar	=	diff
	(11_gapdb, 10_gapdb):	0.00291757	-	0.484217	=	-0.481299
	(2_gapdb, 0_ipdb):	0.0194545	-	0.486544	=	-0.467089
	(2_gapdb, 4_gapdb):	9.76095e-07	-	0.45198	=	-0.451979
	(11_gapdb, 9_mands):	0.0177188	-	0.432933	=	-0.415214
	(2_gapdb, 10_gapdb):	1.71438e-06	-	0.382649	=	-0.382647
	(2_gapdb, 9_mands):	1.04117e-05	-	0.342122	=	-0.342112
	(6_gapdb, 4_gapdb):	0.0322391	-	0.291584	=	-0.259345
	(1_lmcut, 12_gapdb):	0.74729	-	0.983786	=	-0.236496
	(6_gapdb, 10_gapdb):	0.0566238	-	0.246857	=	-0.190233
	(3_gapdb, 7_gapdb):	0.997796	-	1.05584	=	-0.0580416
	(7_gapdb, 3_gapdb):	1.00221	-	0.947115	=	0.0550935
	(6_gapdb, 9_mands):	0.343884	-	0.220712	=	0.123172
	(12_gapdb, 1_lmcut):	1.33817	-	1.01648	=	0.321688

Measure_3:
	-h1(7):		SS		A*
	11_gapdb		3.4949e-317		1.15494e+07
	12_gapdb		3.36018e+41		7.93581e+06
	1_lmcut		3.4949e-317		7.80714e+06
	2_gapdb		3.4949e-317		9.12683e+06
	3_gapdb		2.06872e+42		5.05894e+06
	6_gapdb		8.11818e+39		5.88796e+06
	7_gapdb		2.07329e+42		4.7914e+06

	-h2(8):		SS		A*
	0_ipdb		1.26342e+37		1.87585e+07
	10_gapdb		1.43371e+41		2.38517e+07
	12_gapdb		3.36018e+41		7.93581e+06
	1_lmcut		3.4949e-317		7.80714e+06
	3_gapdb		2.06872e+42		5.05894e+06
	4_gapdb		2.51812e+41		2.0193e+07
	7_gapdb		2.07329e+42		4.7914e+06
	9_mands		3.4949e-317		2.66771e+07



instance_name: pfile01-003_F_80.csv

A*:	{
		(0_ipdb,1.87585e+07)
		(1_gapdb,8.64094e+06)
		(2_gapdb,1.20464e+07)
		(3_lmcut,7.82429e+06)
		(4_gapdb,4.33899e+06)
		(5_gapdb,1.13898e+07)
		(6_gapdb,3.17376e+06)
		(7_gapdb,1.91249e+06)
		(8_gapdb,9.12805e+06)
		(9_gapdb,2.0193e+07)
		(10_gapdb,4.79651e+06)
		(11_gapdb,4.7809e+06)
		(12_mands,2.66771e+07)
	}
ss:	{
		(0_ipdb,8.62901e+39),
		(1_mands,3.03332e+41),
		(2_lmcut,1.67848e+35),
		(3_gapdb,7.11864e+43),
		(4_gapdb,3.45541e+43),
		(5_gapdb,3.45533e+43),
		(6_gapdb,1.24609e+42),
		(7_gapdb,1.38891e+43),
		(8_gapdb,1.56686e+43),
		(9_gapdb,8.36908e+42),
		(10_gapdb,4.06413e+44),
		(11_gapdb,1.16171e+44),
		(12_gapdb,4.53783e+43),
	}

Measure_1:

-A* h1/h2
	1	2.17089	1.55719	2.39747	4.32324	1.64696	5.9105	9.80842	2.05504	0.928961	3.91086	3.92363	0.703169
	0.460641	1	0.717305	1.10437	1.99146	0.758656	2.72262	4.51816	0.946636	0.427918	1.80151	1.80739	0.323909
	0.642184	1.39411	1	1.53962	2.77631	1.05765	3.79562	6.2988	1.31971	0.596563	2.51149	2.51969	0.451563
	0.417106	0.905491	0.649513	1	1.80325	0.686956	2.46531	4.09115	0.85717	0.387475	1.63125	1.63657	0.293296
	0.231308	0.502143	0.36019	0.554554	1	0.380954	1.36714	2.26876	0.475347	0.214876	0.904614	0.907568	0.162648
	0.607181	1.31812	0.945494	1.4557	2.62499	1	3.58874	5.95548	1.24778	0.564047	2.3746	2.38235	0.42695
	0.169191	0.367293	0.263461	0.405629	0.731451	0.278649	1	1.65949	0.347693	0.157171	0.661681	0.663842	0.118969
	0.101953	0.221329	0.15876	0.24443	0.440768	0.167913	0.602594	1	0.209518	0.0947105	0.398725	0.400027	0.0716903
	0.486609	1.05637	0.757741	1.16663	2.10373	0.801423	2.8761	4.77286	1	0.45204	1.90306	1.90927	0.342168
	1.07647	2.3369	1.67627	2.58081	4.65385	1.7729	6.36248	10.5585	2.21219	1	4.20994	4.22368	0.756941
	0.255698	0.555091	0.39817	0.613028	1.10544	0.421123	1.5113	2.50799	0.525469	0.237533	1	1.00327	0.179799
	0.254866	0.553285	0.396874	0.611033	1.10185	0.419753	1.50638	2.49983	0.523759	0.23676	0.996746	1	0.179214
	1.42213	3.08729	2.21453	3.40952	6.14823	2.34219	8.40552	13.9489	2.92254	1.32111	5.56177	5.57993	1

-ss h1/h2
	1	0.0284474	51409.7	0.000121217	0.000249725	0.000249731	0.00692489	0.000621278	0.00055072	0.00103106	2.12321e-05	7.42786e-05	0.000190157
	35.1526	1	1.80718e+06	0.0042611	0.00877847	0.00877868	0.243428	0.0218395	0.0193592	0.0362444	0.000746365	0.00261108	0.00668451
	1.94516e-05	5.53347e-07	1	2.35786e-09	4.85754e-09	4.85765e-09	1.347e-07	1.20848e-08	1.07124e-08	2.00557e-08	4.12999e-10	1.44484e-09	3.69885e-09
	8249.66	234.681	4.24113e+08	1	2.06014	2.06019	57.128	5.12533	4.54325	8.50588	0.175158	0.612773	1.56873
	4004.41	113.915	2.05866e+08	0.485403	1	1.00002	27.7301	2.48785	2.20531	4.12878	0.0850222	0.297442	0.761466
	4004.31	113.912	2.05861e+08	0.485392	0.999976	1	27.7294	2.48779	2.20525	4.12868	0.0850202	0.297435	0.761448
	144.407	4.10799	7.42391e+06	0.0175046	0.0360619	0.0360628	1	0.0897167	0.0795276	0.148892	0.00306606	0.0107263	0.0274599
	1609.59	45.7885	8.27483e+07	0.195109	0.401953	0.401963	11.1462	1	0.88643	1.65958	0.0341749	0.119558	0.306074
	1815.81	51.655	9.33501e+07	0.220107	0.453452	0.453463	12.5743	1.12812	1	1.8722	0.0385535	0.134876	0.345288
	969.877	27.5905	4.98611e+07	0.117566	0.242202	0.242208	6.71629	0.602563	0.53413	1	0.0205926	0.0720411	0.184429
	47098.4	1339.83	2.42132e+09	5.70914	11.7616	11.7619	326.151	29.2612	25.938	48.5612	1	3.4984	8.95609
	13462.8	382.983	6.9212e+08	1.63193	3.362	3.36208	93.2286	8.36416	7.41424	13.881	0.285845	1	2.56005
	5258.81	149.6	2.70354e+08	0.637458	1.31326	1.31329	36.4167	3.26719	2.89613	5.42214	0.111656	0.390617	1

Measure_2:
- The heuristics that have the similar ratio are:
	(h1     ,h2     ):	fracss	-	fracastar	=	diff
	(2_gapdb, 12_mands):	3.69885e-09	-	0.451563	=	-0.451563
	(1_gapdb, 9_gapdb):	0.0362444	-	0.427918	=	-0.391673
	(6_gapdb, 3_lmcut):	0.0175046	-	0.405629	=	-0.388125
	(7_gapdb, 10_gapdb):	0.0341749	-	0.398725	=	-0.36455
	(8_gapdb, 5_gapdb):	0.453463	-	0.801423	=	-0.347961
	(1_gapdb, 12_mands):	0.00668451	-	0.323909	=	-0.317224
	(7_gapdb, 11_gapdb):	0.119558	-	0.400027	=	-0.280469
	(6_gapdb, 8_gapdb):	0.0795276	-	0.347693	=	-0.268166
	(6_gapdb, 5_gapdb):	0.0360628	-	0.278649	=	-0.242587
	(6_gapdb, 12_mands):	0.0274599	-	0.118969	=	-0.0915095
	(4_gapdb, 3_lmcut):	0.485403	-	0.554554	=	-0.0691506
	(7_gapdb, 3_lmcut):	0.195109	-	0.24443	=	-0.0493205
	(7_gapdb, 4_gapdb):	0.401953	-	0.440768	=	-0.0388153
	(12_mands, 8_gapdb):	2.89613	-	2.92254	=	-0.0264099
	(6_gapdb, 9_gapdb):	0.148892	-	0.157171	=	-0.00827963
	(8_gapdb, 12_mands):	0.345288	-	0.342168	=	0.00312023
	(4_gapdb, 7_gapdb):	2.48785	-	2.26876	=	0.219087
	(7_gapdb, 5_gapdb):	0.401963	-	0.167913	=	0.23405
	(7_gapdb, 12_mands):	0.306074	-	0.0716903	=	0.234384
	(3_lmcut, 4_gapdb):	2.06014	-	1.80325	=	0.256892
	(5_gapdb, 12_mands):	0.761448	-	0.42695	=	0.334498
	(9_gapdb, 6_gapdb):	6.71629	-	6.36248	=	0.353808

Measure_3:
	-h1(10):		SS		A*
	12_mands		3.4949e-317		2.66771e+07
	1_gapdb		3.4949e-317		8.64094e+06
	2_gapdb		3.4949e-317		1.20464e+07
	3_lmcut		3.4949e-317		7.82429e+06
	4_gapdb		3.45541e+43		4.33899e+06
	5_gapdb		3.45533e+43		1.13898e+07
	6_gapdb		1.24609e+42		3.17376e+06
	7_gapdb		1.38891e+43		1.91249e+06
	8_gapdb		1.56686e+43		9.12805e+06
	9_gapdb		8.36908e+42		2.0193e+07

	-h2(10):		SS		A*
	10_gapdb		4.06413e+44		4.79651e+06
	11_gapdb		1.16171e+44		4.7809e+06
	12_mands		3.4949e-317		2.66771e+07
	3_lmcut		3.4949e-317		7.82429e+06
	4_gapdb		3.45541e+43		4.33899e+06
	5_gapdb		3.45533e+43		1.13898e+07
	6_gapdb		1.24609e+42		3.17376e+06
	7_gapdb		1.38891e+43		1.91249e+06
	8_gapdb		1.56686e+43		9.12805e+06
	9_gapdb		8.36908e+42		2.0193e+07



instance_name: pfile01-004_F_76.csv

A*:	{
		(0_ipdb,1.87585e+07)
		(1_gapdb,1.20292e+07)
		(2_gapdb,1.15494e+07)
		(3_gapdb,4.76244e+06)
		(4_lmcut,7.80736e+06)
		(5_gapdb,2.0193e+07)
		(6_gapdb,9.12683e+06)
		(7_gapdb,6.24091e+06)
		(8_gapdb,4.33899e+06)
		(9_gapdb,1.96735e+06)
		(10_gapdb,5.88796e+06)
		(11_mands,2.66771e+07)
		(12_gapdb,6.25499e+06)
	}
ss:	{
		(0_ipdb,1.8703e+34),
		(1_lmcut,7.88331e+35),
		(2_gapdb,1.81429e+44),
		(3_gapdb,2.7203e+42),
		(4_gapdb,1.16452e+43),
		(5_gapdb,9.20194e+42),
		(6_gapdb,5.47634e+43),
		(7_mands,1.06387e+38),
		(8_gapdb,4.4209e+42),
		(9_gapdb,4.42307e+42),
		(10_gapdb,1.36693e+41),
		(11_gapdb,2.86321e+43),
		(12_gapdb,2.72197e+42),
	}

Measure_1:

-A* h1/h2
	1	1.55941	1.6242	3.93884	2.40267	0.928961	2.05531	3.00573	4.32324	9.53491	3.18591	0.703169	2.99897
	0.641267	1	1.04154	2.52585	1.54075	0.595711	1.318	1.92748	2.77235	6.11442	2.04302	0.450919	1.92314
	0.615689	0.960114	1	2.4251	1.4793	0.571951	1.26543	1.8506	2.66177	5.87054	1.96153	0.432933	1.84643
	0.253882	0.395907	0.412354	1	0.609994	0.235846	0.521807	0.7631	1.09759	2.42074	0.808844	0.178522	0.761383
	0.416204	0.649034	0.675997	1.63936	1	0.386637	0.85543	1.251	1.79935	3.96847	1.32599	0.292661	1.24818
	1.07647	1.67867	1.7484	4.24005	2.58641	1	2.21249	3.23559	4.65385	10.2641	3.42954	0.756941	3.2283
	0.486544	0.758723	0.790243	1.91642	1.169	0.45198	1	1.46242	2.10345	4.63915	1.55008	0.342122	1.45913
	0.332698	0.518813	0.540367	1.31044	0.799362	0.309063	0.683798	1	1.43833	3.17224	1.05994	0.233943	0.997749
	0.231308	0.360705	0.37569	0.911085	0.555756	0.214876	0.47541	0.69525	1	2.2055	0.736926	0.162648	0.693685
	0.104878	0.163548	0.170342	0.413097	0.251987	0.0974273	0.215557	0.315234	0.453412	1	0.334131	0.0737468	0.314525
	0.313882	0.489472	0.509807	1.23633	0.754155	0.291584	0.645127	0.943446	1.35699	2.99284	1	0.220712	0.941322
	1.42213	2.2177	2.30983	5.60156	3.41692	1.32111	2.92293	4.27455	6.14823	13.5599	4.53079	1	4.26493
	0.333448	0.519984	0.541586	1.3134	0.801166	0.30976	0.685341	1.00226	1.44158	3.1794	1.06234	0.23447	1

-ss h1/h2
	1	0.0237248	1.03087e-10	6.87536e-09	1.60606e-09	2.03251e-09	3.41524e-10	0.000175802	4.23059e-09	4.22851e-09	1.36825e-07	6.53219e-10	6.87113e-09
	42.1499	1	4.34511e-09	2.89796e-07	6.76955e-08	8.56701e-08	1.43952e-08	0.00741004	1.78319e-07	1.78232e-07	5.76717e-06	2.75331e-08	2.89618e-07
	9.70055e+09	2.30144e+08	1	66.6947	15.5797	19.7164	3.31297	1.70538e+06	41.0391	41.0189	1327.28	6.33658	66.6537
	1.45447e+08	3.4507e+06	0.0149937	1	0.233597	0.295622	0.0496736	25569.9	0.615327	0.615024	19.9008	0.0950087	0.999385
	6.2264e+08	1.4772e+07	0.0641861	4.28087	1	1.26552	0.212646	109461	2.63414	2.63284	85.1927	0.40672	4.27824
	4.92003e+08	1.16727e+07	0.0507191	3.3827	0.790188	1	0.168031	86495.1	2.08146	2.08044	67.3183	0.321386	3.38062
	2.92805e+09	6.94676e+07	0.301844	20.1314	4.70264	5.95129	1	514758	12.3874	12.3813	400.631	1.91266	20.119
	5688.22	134.952	5.86381e-07	3.91085e-05	9.13564e-06	1.15613e-05	1.94266e-06	1	2.40645e-05	2.40527e-05	0.00077829	3.71565e-06	3.90845e-05
	2.36374e+08	5.60792e+06	0.024367	1.62515	0.379631	0.480431	0.0807272	41554.9	1	0.999508	32.3418	0.154404	1.62415
	2.3649e+08	5.61068e+06	0.024379	1.62595	0.379818	0.480667	0.0807669	41575.4	1.00049	1	32.3577	0.15448	1.62495
	7.30861e+06	173395	0.000753422	0.0502493	0.0117381	0.0148548	0.00249606	1284.87	0.0309197	0.0309045	1	0.00477412	0.0502184
	1.53088e+09	3.63199e+07	0.157814	10.5253	2.45869	3.11153	0.522832	269132	6.47653	6.47334	209.463	1	10.5189
	1.45536e+08	3.45283e+06	0.0150029	1.00062	0.233741	0.295804	0.0497042	25585.6	0.615705	0.615403	19.913	0.0950672	1

Measure_2:
- The heuristics that have the similar ratio are:
	(h1     ,h2     ):	fracss	-	fracastar	=	diff
	(6_gapdb, 2_gapdb):	0.301844	-	0.790243	=	-0.488399
	(3_gapdb, 8_gapdb):	0.615327	-	1.09759	=	-0.482265
	(3_gapdb, 6_gapdb):	0.0496736	-	0.521807	=	-0.472133
	(1_gapdb, 11_mands):	2.75331e-08	-	0.450919	=	-0.450919
	(5_gapdb, 11_mands):	0.321386	-	0.756941	=	-0.435556
	(3_gapdb, 2_gapdb):	0.0149937	-	0.412354	=	-0.39736
	(8_gapdb, 6_gapdb):	0.0807272	-	0.47541	=	-0.394683
	(3_gapdb, 4_lmcut):	0.233597	-	0.609994	=	-0.376396
	(8_gapdb, 2_gapdb):	0.024367	-	0.37569	=	-0.351323
	(12_gapdb, 3_gapdb):	1.00062	-	1.3134	=	-0.312785
	(7_gapdb, 5_gapdb):	1.15613e-05	-	0.309063	=	-0.309051
	(10_gapdb, 5_gapdb):	0.0148548	-	0.291584	=	-0.276729
	(7_gapdb, 11_mands):	3.71565e-06	-	0.233943	=	-0.233939
	(10_gapdb, 11_mands):	0.00477412	-	0.220712	=	-0.215938
	(8_gapdb, 4_lmcut):	0.379631	-	0.555756	=	-0.176125
	(9_gapdb, 2_gapdb):	0.024379	-	0.170342	=	-0.145963
	(12_gapdb, 11_mands):	0.0950672	-	0.23447	=	-0.139403
	(9_gapdb, 6_gapdb):	0.0807669	-	0.215557	=	-0.13479
	(3_gapdb, 11_mands):	0.0950087	-	0.178522	=	-0.0835129
	(12_gapdb, 5_gapdb):	0.295804	-	0.30976	=	-0.0139563
	(8_gapdb, 11_mands):	0.154404	-	0.162648	=	-0.00824477
	(3_gapdb, 5_gapdb):	0.295622	-	0.235846	=	0.0597761
	(9_gapdb, 11_mands):	0.15448	-	0.0737468	=	0.0807329
	(4_lmcut, 11_mands):	0.40672	-	0.292661	=	0.114059
	(9_gapdb, 4_lmcut):	0.379818	-	0.251987	=	0.127831
	(5_gapdb, 12_gapdb):	3.38062	-	3.2283	=	0.152314
	(3_gapdb, 12_gapdb):	0.999385	-	0.761383	=	0.238003
	(8_gapdb, 5_gapdb):	0.480431	-	0.214876	=	0.265555
	(11_mands, 8_gapdb):	6.47653	-	6.14823	=	0.3283
	(9_gapdb, 5_gapdb):	0.480667	-	0.0974273	=	0.38324

Measure_3:
	-h1(11):		SS		A*
	10_gapdb		1.36693e+41		5.88796e+06
	11_mands		3.4949e-317		2.66771e+07
	12_gapdb		2.72197e+42		6.25499e+06
	1_gapdb		3.4949e-317		1.20292e+07
	3_gapdb		2.7203e+42		4.76244e+06
	4_lmcut		3.4949e-317		7.80736e+06
	5_gapdb		9.20194e+42		2.0193e+07
	6_gapdb		5.47634e+43		9.12683e+06
	7_gapdb		3.4949e-317		6.24091e+06
	8_gapdb		4.4209e+42		4.33899e+06
	9_gapdb		4.42307e+42		1.96735e+06

	-h2(8):		SS		A*
	11_mands		3.4949e-317		2.66771e+07
	12_gapdb		2.72197e+42		6.25499e+06
	2_gapdb		1.81429e+44		1.15494e+07
	3_gapdb		2.7203e+42		4.76244e+06
	4_lmcut		3.4949e-317		7.80736e+06
	5_gapdb		9.20194e+42		2.0193e+07
	6_gapdb		5.47634e+43		9.12683e+06
	8_gapdb		4.4209e+42		4.33899e+06

