Experiment 2: parcprinter-opt11-strips using gapdb_deep heuristic with 1000 probes



instance_name: p01_F_751642.csv

A*:	{
		(0_gapdb,636)
		(1_ipdb,373)
		(2_gapdb,1671)
		(3_gapdb,482)
		(4_lmcut,613)
		(5_gapdb,1067)
		(6_gapdb,2432)
		(7_gapdb,1301)
		(8_gapdb,484)
		(9_gapdb,615)
		(10_gapdb,778)
		(11_mands,260)
		(12_gapdb,656)
	}
ss:	{
		(0_ipdb,431191),
		(1_gapdb,1.69138e+06),
		(2_lmcut,1.30323e+06),
		(3_gapdb,1.69138e+06),
		(4_gapdb,1.03028e+08),
		(5_gapdb,2.74572e+06),
		(6_gapdb,697947),
		(7_gapdb,1.84231e+06),
		(8_mands,56402.1),
		(9_gapdb,4.50982e+06),
		(10_gapdb,4.64209e+06),
		(11_gapdb,2.44176e+09),
		(12_gapdb,4.78636e+07),
	}

Measure_1:

-A* h1/h2
	1	1.70509	0.38061	1.3195	1.03752	0.596064	0.261513	0.488855	1.31405	1.03415	0.817481	2.44615	0.969512
	0.586478	1	0.22322	0.773859	0.608483	0.349578	0.153372	0.286703	0.770661	0.606504	0.479434	1.43462	0.568598
	2.62736	4.47989	1	3.4668	2.72594	1.56607	0.687089	1.2844	3.45248	2.71707	2.14781	6.42692	2.54726
	0.757862	1.29223	0.28845	1	0.786297	0.451734	0.198191	0.370484	0.995868	0.78374	0.619537	1.85385	0.734756
	0.963836	1.64343	0.366846	1.27178	1	0.574508	0.252056	0.471176	1.26653	0.996748	0.787918	2.35769	0.934451
	1.67767	2.86059	0.63854	2.21369	1.74062	1	0.438734	0.820138	2.20455	1.73496	1.37147	4.10385	1.62652
	3.8239	6.52011	1.45542	5.04564	3.96737	2.27929	1	1.86933	5.02479	3.95447	3.12596	9.35385	3.70732
	2.0456	3.48794	0.778576	2.69917	2.12235	1.21931	0.534951	1	2.68802	2.11545	1.67224	5.00385	1.98323
	0.761006	1.29759	0.289647	1.00415	0.78956	0.453608	0.199013	0.372022	1	0.786992	0.622108	1.86154	0.737805
	0.966981	1.64879	0.368043	1.27593	1.00326	0.576382	0.252878	0.472713	1.27066	1	0.790488	2.36538	0.9375
	1.22327	2.08579	0.465589	1.61411	1.26917	0.729147	0.319901	0.598002	1.60744	1.26504	1	2.99231	1.18598
	0.408805	0.697051	0.155595	0.539419	0.424144	0.243674	0.106908	0.199846	0.53719	0.422764	0.33419	1	0.396341
	1.03145	1.75871	0.392579	1.361	1.07015	0.614808	0.269737	0.504228	1.35537	1.06667	0.843188	2.52308	1

-ss h1/h2
	1	0.254935	0.330864	0.254935	0.00418519	0.157041	0.617799	0.234049	7.64495	0.0956117	0.0928874	0.00017659	0.00900876
	3.92257	1	1.29784	1	0.0164167	0.616006	2.42336	0.918074	29.9878	0.375043	0.364357	0.000692687	0.0353375
	3.02239	0.770514	1	0.770514	0.0126493	0.474641	1.86723	0.707388	23.106	0.288976	0.280742	0.000533725	0.027228
	3.92257	1	1.29784	1	0.0164167	0.616006	2.42336	0.918074	29.9878	0.375043	0.364357	0.000692687	0.0353375
	238.938	60.9136	79.0559	60.9136	1	37.5232	147.616	55.9232	1826.67	22.8453	22.1943	0.0421941	2.15253
	6.36774	1.62336	2.10686	1.62336	0.0266502	1	3.93399	1.49037	48.6811	0.608831	0.591483	0.00112448	0.0573655
	1.61865	0.41265	0.535552	0.41265	0.00677435	0.254195	1	0.378843	12.3745	0.154762	0.150352	0.000285838	0.014582
	4.2726	1.08924	1.41365	1.08924	0.0178817	0.670976	2.63961	1	32.6639	0.408511	0.396871	0.000754501	0.0384909
	0.130805	0.0333469	0.0432787	0.0333469	0.000547445	0.0205418	0.0808114	0.0306149	1	0.0125065	0.0121502	2.30989e-05	0.00117839
	10.459	2.66636	3.46049	2.66636	0.0437728	1.64249	6.46154	2.44791	79.9583	1	0.971506	0.00184695	0.0942224
	10.7657	2.74456	3.56199	2.74456	0.0450566	1.69067	6.65106	2.51971	82.3035	1.02933	1	0.00190112	0.0969859
	5662.82	1443.65	1873.62	1443.65	23.7	889.298	3498.49	1325.38	43292	541.432	526.005	1	51.015
	111.003	28.2986	36.7269	28.2986	0.464569	17.4321	68.5776	25.9802	848.613	10.6132	10.3108	0.0196021	1

Measure_2:
- The heuristics that have the similar ratio are: (diff = 0.5)
	(hss1    ,hss2    )	(ha1     ,ha2     )	(vss1    ,vss2    )	(va1     ,va2     ):	fracss	-	fracastar	=	diff
	(0_ipdb, 5_gapdb)	(0_gapdb, 5_gapdb)	(431191, 2.74572e+06)	(636, 1067)	0.157041	-	0.596064	=	-0.439022
	(8_mands, 5_gapdb)	(8_gapdb, 5_gapdb)	(56402.1, 2.74572e+06)	(484, 1067)	0.0205418	-	0.453608	=	-0.433066
	(3_gapdb, 9_gapdb)	(3_gapdb, 9_gapdb)	(1.69138e+06, 4.50982e+06)	(482, 615)	0.375043	-	0.78374	=	-0.408696
	(8_mands, 7_gapdb)	(8_gapdb, 7_gapdb)	(56402.1, 1.84231e+06)	(484, 1301)	0.0306149	-	0.372022	=	-0.341407
	(3_gapdb, 1_gapdb)	(3_gapdb, 1_ipdb)	(1.69138e+06, 1.69138e+06)	(482, 373)	1	-	1.29223	=	-0.292225
	(3_gapdb, 10_gapdb)	(3_gapdb, 10_gapdb)	(1.69138e+06, 4.64209e+06)	(482, 778)	0.364357	-	0.619537	=	-0.25518
	(0_ipdb, 7_gapdb)	(0_gapdb, 7_gapdb)	(431191, 1.84231e+06)	(636, 1301)	0.234049	-	0.488855	=	-0.254805
	(8_mands, 2_lmcut)	(8_gapdb, 2_gapdb)	(56402.1, 1.30323e+06)	(484, 1671)	0.0432787	-	0.289647	=	-0.246368
	(10_gapdb, 9_gapdb)	(10_gapdb, 9_gapdb)	(4.64209e+06, 4.50982e+06)	(778, 615)	1.02933	-	1.26504	=	-0.235711
	(1_gapdb, 9_gapdb)	(1_ipdb, 9_gapdb)	(1.69138e+06, 4.50982e+06)	(373, 615)	0.375043	-	0.606504	=	-0.231461
	(8_mands, 6_gapdb)	(8_gapdb, 6_gapdb)	(56402.1, 697947)	(484, 2432)	0.0808114	-	0.199013	=	-0.118202
	(1_gapdb, 10_gapdb)	(1_ipdb, 10_gapdb)	(1.69138e+06, 4.64209e+06)	(373, 778)	0.364357	-	0.479434	=	-0.115078
	(0_ipdb, 2_lmcut)	(0_gapdb, 2_gapdb)	(431191, 1.30323e+06)	(636, 1671)	0.330864	-	0.38061	=	-0.0497465
	(3_gapdb, 5_gapdb)	(3_gapdb, 5_gapdb)	(1.69138e+06, 2.74572e+06)	(482, 1067)	0.616006	-	0.451734	=	0.164272
	(9_gapdb, 10_gapdb)	(9_gapdb, 10_gapdb)	(4.50982e+06, 4.64209e+06)	(615, 778)	0.971506	-	0.790488	=	0.181017
	(1_gapdb, 3_gapdb)	(1_ipdb, 3_gapdb)	(1.69138e+06, 1.69138e+06)	(373, 482)	1	-	0.773859	=	0.226141
	(1_gapdb, 5_gapdb)	(1_ipdb, 5_gapdb)	(1.69138e+06, 2.74572e+06)	(373, 1067)	0.616006	-	0.349578	=	0.266427
	(0_ipdb, 6_gapdb)	(0_gapdb, 6_gapdb)	(431191, 697947)	(636, 2432)	0.617799	-	0.261513	=	0.356286
	(2_lmcut, 0_ipdb)	(2_gapdb, 0_gapdb)	(1.30323e+06, 431191)	(1671, 636)	3.02239	-	2.62736	=	0.395033



instance_name: p02_F_137426768.csv

A*:	{
		(0_ipdb,269)
		(1_lmcut,289)
		(2_gapdb,289)
		(3_gapdb,542)
		(4_gapdb,445)
		(5_gapdb,289)
		(6_gapdb,389)
		(7_gapdb,843)
		(8_mands,240)
		(9_gapdb,316)
		(10_gapdb,379)
		(11_gapdb,675)
		(12_gapdb,649)
	}
ss:	{
		(0_ipdb,96780.8),
		(1_lmcut,96780.8),
		(2_gapdb,173456),
		(3_gapdb,96780.8),
		(4_gapdb,1.30568e+06),
		(5_gapdb,321758),
		(6_gapdb,96780.8),
		(7_mands,79942),
		(8_gapdb,639038),
		(9_gapdb,96780.8),
		(10_gapdb,392637),
		(11_gapdb,152936),
		(12_gapdb,9.19761e+06),
	}

Measure_1:

-A* h1/h2
	1	0.930796	0.930796	0.49631	0.604494	0.930796	0.691517	0.319098	1.12083	0.851266	0.709763	0.398519	0.414484
	1.07435	1	1	0.53321	0.649438	1	0.742931	0.342823	1.20417	0.914557	0.762533	0.428148	0.4453
	1.07435	1	1	0.53321	0.649438	1	0.742931	0.342823	1.20417	0.914557	0.762533	0.428148	0.4453
	2.01487	1.87543	1.87543	1	1.21798	1.87543	1.39332	0.642942	2.25833	1.71519	1.43008	0.802963	0.835131
	1.65428	1.53979	1.53979	0.821033	1	1.53979	1.14396	0.527877	1.85417	1.40823	1.17414	0.659259	0.68567
	1.07435	1	1	0.53321	0.649438	1	0.742931	0.342823	1.20417	0.914557	0.762533	0.428148	0.4453
	1.4461	1.34602	1.34602	0.717712	0.874157	1.34602	1	0.461447	1.62083	1.23101	1.02639	0.576296	0.599384
	3.13383	2.91696	2.91696	1.55535	1.89438	2.91696	2.1671	1	3.5125	2.66772	2.22427	1.24889	1.29892
	0.892193	0.83045	0.83045	0.442804	0.539326	0.83045	0.616967	0.284698	1	0.759494	0.633245	0.355556	0.3698
	1.17472	1.09343	1.09343	0.583026	0.710112	1.09343	0.812339	0.374852	1.31667	1	0.833773	0.468148	0.486903
	1.40892	1.31142	1.31142	0.699262	0.851685	1.31142	0.974293	0.449585	1.57917	1.19937	1	0.561481	0.583975
	2.50929	2.33564	2.33564	1.24539	1.51685	2.33564	1.73522	0.800712	2.8125	2.13608	1.781	1	1.04006
	2.41264	2.24567	2.24567	1.19742	1.45843	2.24567	1.66838	0.76987	2.70417	2.0538	1.7124	0.961481	1

-ss h1/h2
	1	1	0.557957	1	0.0741227	0.300788	1	1.21064	0.151448	1	0.246489	0.632819	0.0105224
	1	1	0.557957	1	0.0741227	0.300788	1	1.21064	0.151448	1	0.246489	0.632819	0.0105224
	1.79225	1.79225	1	1.79225	0.132847	0.539088	1.79225	2.16977	0.271433	1.79225	0.441772	1.13417	0.0188588
	1	1	0.557957	1	0.0741227	0.300788	1	1.21064	0.151448	1	0.246489	0.632819	0.0105224
	13.4911	13.4911	7.52748	13.4911	1	4.05797	13.4911	16.3329	2.0432	13.4911	3.32542	8.53745	0.141959
	3.3246	3.3246	1.85499	3.3246	0.246429	1	3.3246	4.02489	0.503504	3.3246	0.81948	2.10387	0.0349828
	1	1	0.557957	1	0.0741227	0.300788	1	1.21064	0.151448	1	0.246489	0.632819	0.0105224
	0.826011	0.826011	0.460878	0.826011	0.0612262	0.248454	0.826011	1	0.125097	0.826011	0.203603	0.522715	0.00869161
	6.60294	6.60294	3.68415	6.60294	0.489428	1.98608	6.60294	7.99377	1	6.60294	1.62755	4.17846	0.0694787
	1	1	0.557957	1	0.0741227	0.300788	1	1.21064	0.151448	1	0.246489	0.632819	0.0105224
	4.05697	4.05697	2.26361	4.05697	0.300713	1.22029	4.05697	4.91152	0.614419	4.05697	1	2.56733	0.042689
	1.58023	1.58023	0.881701	1.58023	0.117131	0.475314	1.58023	1.91309	0.239322	1.58023	0.38951	1	0.0166278
	95.0355	95.0355	53.0257	95.0355	7.04429	28.5855	95.0355	115.054	14.3929	95.0355	23.4252	60.1402	1

Measure_2:
- The heuristics that have the similar ratio are: (diff = 0.5)
	(hss1    ,hss2    )	(ha1     ,ha2     )	(vss1    ,vss2    )	(va1     ,va2     ):	fracss	-	fracastar	=	diff
	(9_gapdb, 12_gapdb)	(9_gapdb, 12_gapdb)	(96780.8, 9.19761e+06)	(316, 649)	0.0105224	-	0.486903	=	-0.476381
	(0_ipdb, 10_gapdb)	(0_ipdb, 10_gapdb)	(96780.8, 392637)	(269, 379)	0.246489	-	0.709763	=	-0.463273
	(2_gapdb, 5_gapdb)	(2_gapdb, 5_gapdb)	(173456, 321758)	(289, 289)	0.539088	-	1	=	-0.460912
	(6_gapdb, 0_ipdb)	(6_gapdb, 0_ipdb)	(96780.8, 96780.8)	(389, 269)	1	-	1.4461	=	-0.446097
	(1_lmcut, 2_gapdb)	(1_lmcut, 2_gapdb)	(96780.8, 173456)	(289, 289)	0.557957	-	1	=	-0.442043
	(1_lmcut, 12_gapdb)	(1_lmcut, 12_gapdb)	(96780.8, 9.19761e+06)	(289, 649)	0.0105224	-	0.4453	=	-0.434778
	(2_gapdb, 12_gapdb)	(2_gapdb, 12_gapdb)	(173456, 9.19761e+06)	(289, 649)	0.0188588	-	0.4453	=	-0.426442
	(5_gapdb, 12_gapdb)	(5_gapdb, 12_gapdb)	(321758, 9.19761e+06)	(289, 649)	0.0349828	-	0.4453	=	-0.410318
	(0_ipdb, 12_gapdb)	(0_ipdb, 12_gapdb)	(96780.8, 9.19761e+06)	(269, 649)	0.0105224	-	0.414484	=	-0.403961
	(5_gapdb, 4_gapdb)	(5_gapdb, 4_gapdb)	(321758, 1.30568e+06)	(289, 445)	0.246429	-	0.649438	=	-0.40301
	(3_gapdb, 6_gapdb)	(3_gapdb, 6_gapdb)	(96780.8, 96780.8)	(542, 389)	1	-	1.39332	=	-0.393316
	(0_ipdb, 2_gapdb)	(0_ipdb, 2_gapdb)	(96780.8, 173456)	(269, 289)	0.557957	-	0.930796	=	-0.372839
	(6_gapdb, 1_lmcut)	(6_gapdb, 1_lmcut)	(96780.8, 96780.8)	(389, 289)	1	-	1.34602	=	-0.346021
	(2_gapdb, 10_gapdb)	(2_gapdb, 10_gapdb)	(173456, 392637)	(289, 379)	0.441772	-	0.762533	=	-0.320761
	(8_gapdb, 12_gapdb)	(8_mands, 12_gapdb)	(639038, 9.19761e+06)	(240, 649)	0.0694787	-	0.3698	=	-0.300321
	(6_gapdb, 9_gapdb)	(6_gapdb, 9_gapdb)	(96780.8, 96780.8)	(389, 316)	1	-	1.23101	=	-0.231013
	(9_gapdb, 0_ipdb)	(9_gapdb, 0_ipdb)	(96780.8, 96780.8)	(316, 269)	1	-	1.17472	=	-0.174721
	(3_gapdb, 11_gapdb)	(3_gapdb, 11_gapdb)	(96780.8, 152936)	(542, 675)	0.632819	-	0.802963	=	-0.170144
	(11_gapdb, 6_gapdb)	(11_gapdb, 6_gapdb)	(152936, 96780.8)	(675, 389)	1.58023	-	1.73522	=	-0.154987
	(9_gapdb, 1_lmcut)	(9_gapdb, 1_lmcut)	(96780.8, 96780.8)	(316, 289)	1	-	1.09343	=	-0.0934256
	(10_gapdb, 5_gapdb)	(10_gapdb, 5_gapdb)	(392637, 321758)	(379, 289)	1.22029	-	1.31142	=	-0.0911322
	(1_lmcut, 0_ipdb)	(1_lmcut, 0_ipdb)	(96780.8, 96780.8)	(289, 269)	1	-	1.07435	=	-0.0743494
	(8_gapdb, 4_gapdb)	(8_mands, 4_gapdb)	(639038, 1.30568e+06)	(240, 445)	0.489428	-	0.539326	=	-0.0498982
	(6_gapdb, 11_gapdb)	(6_gapdb, 11_gapdb)	(96780.8, 152936)	(389, 675)	0.632819	-	0.576296	=	0.0565223
	(5_gapdb, 10_gapdb)	(5_gapdb, 10_gapdb)	(321758, 392637)	(289, 379)	0.81948	-	0.762533	=	0.0569467
	(0_ipdb, 1_lmcut)	(0_ipdb, 1_lmcut)	(96780.8, 96780.8)	(269, 289)	1	-	0.930796	=	0.0692042
	(1_lmcut, 9_gapdb)	(1_lmcut, 9_gapdb)	(96780.8, 96780.8)	(289, 316)	1	-	0.914557	=	0.085443
	(0_ipdb, 9_gapdb)	(0_ipdb, 9_gapdb)	(96780.8, 96780.8)	(269, 316)	1	-	0.851266	=	0.148734
	(9_gapdb, 11_gapdb)	(9_gapdb, 11_gapdb)	(96780.8, 152936)	(316, 675)	0.632819	-	0.468148	=	0.16467
	(9_gapdb, 6_gapdb)	(9_gapdb, 6_gapdb)	(96780.8, 96780.8)	(316, 389)	1	-	0.812339	=	0.187661
	(4_gapdb, 8_gapdb)	(4_gapdb, 8_mands)	(1.30568e+06, 639038)	(445, 240)	2.0432	-	1.85417	=	0.189036
	(1_lmcut, 11_gapdb)	(1_lmcut, 11_gapdb)	(96780.8, 152936)	(289, 675)	0.632819	-	0.428148	=	0.20467
	(0_ipdb, 11_gapdb)	(0_ipdb, 11_gapdb)	(96780.8, 152936)	(269, 675)	0.632819	-	0.398519	=	0.2343
	(1_lmcut, 6_gapdb)	(1_lmcut, 6_gapdb)	(96780.8, 96780.8)	(289, 389)	1	-	0.742931	=	0.257069
	(6_gapdb, 3_gapdb)	(6_gapdb, 3_gapdb)	(96780.8, 96780.8)	(389, 542)	1	-	0.717712	=	0.282288
	(0_ipdb, 6_gapdb)	(0_ipdb, 6_gapdb)	(96780.8, 96780.8)	(269, 389)	1	-	0.691517	=	0.308483
	(11_gapdb, 3_gapdb)	(11_gapdb, 3_gapdb)	(152936, 96780.8)	(675, 542)	1.58023	-	1.24539	=	0.334844
	(9_gapdb, 3_gapdb)	(9_gapdb, 3_gapdb)	(96780.8, 96780.8)	(316, 542)	1	-	0.583026	=	0.416974
	(1_lmcut, 3_gapdb)	(1_lmcut, 3_gapdb)	(96780.8, 96780.8)	(289, 542)	1	-	0.53321	=	0.46679

