	Report:		ida*-bfs-vs-ss-bfs - using hmax heuristic - 1000 probes.

nomystery-opt11-strips

p14.pddl
bound		ida*-bfs (exp)		ss-bfs (exp)
4		1			1
5		5			5
6		19			19.048
7		80			80.544
8		318			322.204
9		1292			1248.98
10		5090			5112.94
11		19952			20462.1
12		77430			80092.9
13		301278			319797
14		1.1782e+06			1.34394e+06
15		4.65789e+06			3.45965e+06
16		1.8648e+07			1.68768e+07
17		7.57934e+07			9.22371e+07
18		3.12838e+08			3.45672e+08

p19.pddl
bound		ida*-bfs (exp)		ss-bfs (exp)
5		2			2
6		6			6
7		29			29.056
8		114			113.748
9		569			571.509
10		2681			2589.65
11		13956			14041.7
12		72459			72019.8
13		395141			397588
14		2.17889e+06			2.18347e+06
15		1.23268e+07			1.21751e+07

p18.pddl
bound		ida*-bfs (exp)		ss-bfs (exp)
5		1			1
6		5			5
7		13			13.088
8		62			63.32
9		233			233.168
10		1116			1110.4
11		5050			4923.21
12		25122			25714.7
13		124825			123945
14		643239			656465
15		3.33449e+06			3.32847e+06
16		1.75004e+07			1.66825e+07
17		9.22495e+07			9.32822e+07

p15.pddl
bound		ida*-bfs (exp)		ss-bfs (exp)
4		1			1
5		3			3
6		15			15.056
7		54			54.212
8		229			229.164
9		954			945.596
10		4179			4185.08
11		18139			18067
12		80015			75705.8
13		358226			360272
14		1.62867e+06			1.64402e+06
15		7.5308e+06			7.53375e+06
16		3.53041e+07			3.59648e+07
17		1.67843e+08			1.54816e+08

p12.pddl
bound		ida*-bfs (exp)		ss-bfs (exp)
4		3			3
5		8			8
6		33			33.025
7		110			109.4
8		344			344.419
9		1035			1044.27
10		2990			3037.14
11		8603			8266.92
12		24661			26092.9
13		71921			79056.4
14		215522			253703

p13.pddl
bound		ida*-bfs (exp)		ss-bfs (exp)
4		2			2
5		9			9.08
6		37			36.44
7		135			131.336
8		475			461.088
9		1654			1565.69
10		5691			5185.29
11		19689			21122.5
12		68405			66841.3
13		241046			218635
14		860811			796437
15		3.13474e+06			3.79418e+06

p07.pddl
bound		ida*-bfs (exp)		ss-bfs (exp)
5		2			2
6		5			5
7		24			23.855
8		106			106.389
9		523			514.425
10		2568			2548.35
11		13101			12607.8
12		67425			66944.4
13		355115			347670
14		1.89101e+06			1.92907e+06
15		1.02446e+07			1.04623e+07
16		5.60511e+07			5.81805e+07

p05.pddl
bound		ida*-bfs (exp)		ss-bfs (exp)
4		1			1
5		3			3
6		15			15.004
7		54			53.812
8		229			223.268
9		954			946.376
10		4269			4105.95
11		19527			19776.6
12		92763			90107.5
13		449269			461100
14		2.21295e+06			2.23257e+06
15		1.10676e+07			1.17599e+07
16		5.60323e+07			6.06604e+07

p01.pddl
bound		ida*-bfs (exp)		ss-bfs (exp)
3		1			1
4		4			4
5		14			13.954
6		46			45.949
7		132			131.272
8		410			407.707
9		1162			1151.14
10		3400			3309.75
11		9656			9850.85

p10.pddl
bound		ida*-bfs (exp)		ss-bfs (exp)
5		2			2
6		4			4
7		23			22.916
8		104			102.248
9		623			637.236
10		3565			3846.57
11		22189			22100
12		137422			136512
13		877421			838559
14		5.61268e+06			5.19551e+06
15		3.64172e+07			3.29463e+07

p04.pddl
bound		ida*-bfs (exp)		ss-bfs (exp)
4		1			1
5		5			5
6		19			18.82
7		80			80.48
8		329			328.404
9		1464			1450.95
10		6501			6606.88
11		29756			30198.9
12		135445			132594
13		619432			624313
14		2.81793e+06			2.35147e+06
15		1.28281e+07			1.40588e+07
16		5.83707e+07			5.77983e+07
17		2.66497e+08			2.80899e+08

p06.pddl
bound		ida*-bfs (exp)		ss-bfs (exp)
5		2			2
6		7			7
7		36			35.83
8		158			156.073
9		774			758.94
10		3796			3782.28
11		19359			18990.1
12		100332			100226
13		533406			512334
14		2.88877e+06			2.72384e+06
15		1.59937e+07			1.55401e+07

p17.pddl
bound		ida*-bfs (exp)		ss-bfs (exp)
5		2			2
6		5			5
7		24			23.85
8		106			105.793
9		523			517.283
10		2568			2516.71
11		13081			12910.5
12		66890			64588.4
13		346194			339311
14		1.78478e+06			1.74143e+06
15		9.19785e+06			9.35989e+06
16		4.71007e+07			4.73552e+07

p20.pddl
bound		ida*-bfs (exp)		ss-bfs (exp)
5		2			2
6		4			4
7		23			23.168
8		104			103.38
9		623			636.43
10		3565			3522.95
11		22167			20750.8
12		137075			125627
13		871869			861486
14		5.55093e+06			4.79812e+06
15		3.57621e+07			3.26418e+07

p03.pddl
bound		ida*-bfs (exp)		ss-bfs (exp)
4		2			2
5		10			10
6		46			45.811
7		187			183.21
8		743			729.699
9		2858			2857.64
10		10890			11100.3
11		40967			42359.8
12		154195			159976
13		581047			611559
14		2.20799e+06			2.17443e+06
15		8.47814e+06			7.23591e+06

p09.pddl
bound		ida*-bfs (exp)		ss-bfs (exp)
5		2			2
6		6			6
7		29			28.998
8		114			114.069
9		569			562.852
10		2681			2662.88
11		13956			13504.2
12		72459			73158.1
13		395349			398252
14		2.1852e+06			2.06259e+06
15		1.24405e+07			1.2226e+07

p08.pddl
bound		ida*-bfs (exp)		ss-bfs (exp)
5		1			1
6		5			5
7		13			13
8		62			62.072
9		233			238.758
10		1116			1125.9
11		5050			5213.24
12		25135			25453.1
13		125222			123605
14		652745			670342
15		3.45596e+06			3.45399e+06
16		1.88042e+07			1.92263e+07

p16.pddl
bound		ida*-bfs (exp)		ss-bfs (exp)
5		2			2
6		7			7
7		36			35.95
8		158			158.909
9		774			783.367
10		3796			3772.93
11		19343			19735.2
12		99922			100629
13		526894			515432
14		2.81287e+06			2.70757e+06
15		1.52284e+07			1.44386e+07
16		8.32922e+07			7.75131e+07

p11.pddl
bound		ida*-bfs (exp)		ss-bfs (exp)
3		1			1
4		4			4
5		10			10
6		30			29.98
7		80			80.614
8		191			196.402
9		462			465.262
10		1082			1036.76
11		2657			2677.6
12		6430			6925.75

p02.pddl
bound		ida*-bfs (exp)		ss-bfs (exp)
4		3			3
5		8			8
6		35			34.984
7		122			121.454
8		483			482.332
9		1758			1765.56
10		6375			6473.5
11		22348			22526.7
12		77589			74279.5
13		267617			278891
14		928947			1.13608e+06
