	Report:		ida*-bfs-vs-ss-bfs - using hmax heuristic - 1000 probes.

scanalyzer-opt11-strips

p14.pddl
bound		ida*-bfs (exp)		ss-bfs (exp)
6		1			1
7		5			5
8		21			21
9		87			87.64
10		359			366.484
11		1479			1503.33
12		6091			5907.47
13		25083			26657.9
14		103307			100509
15		425587			448653
16		1.75366e+06			1.95589e+06

p19.pddl
bound		ida*-bfs (exp)		ss-bfs (exp)
4		1			1
5		82			82
6		6643			6643
7		538093			544071

p18.pddl
bound		ida*-bfs (exp)		ss-bfs (exp)
4		1			1
5		65			65
6		4161			4161
7		266313			271139

p15.pddl
bound		ida*-bfs (exp)		ss-bfs (exp)
4		1			1
5		26			26
6		651			651
7		16281			16606
8		407156			396365
9		1.01822e+07			9.8889e+06

p12.pddl
bound		ida*-bfs (exp)		ss-bfs (exp)
5		1			1
6		17			17
7		273			273
8		4370			4401.55
9		69938			69795.4
10		1.11928e+06			1.13706e+06
11		1.79129e+07			1.79888e+07

p13.pddl
bound		ida*-bfs (exp)		ss-bfs (exp)
8		1			1
9		5			5
10		21			21
11		86			85
12		352			343.73
13		1442			1441.64
14		5905			5854.95
15		24148			25435
16		98620			106133
17		402476			429579
18		1.64243e+06			1.8241e+06

p07.pddl
bound		ida*-bfs (exp)		ss-bfs (exp)
4		1			1
5		82			82
6		6643			6643

p05.pddl
bound		ida*-bfs (exp)		ss-bfs (exp)
4		1			1
5		26			26
6		651			651
7		16301			16106
8		408176			429295
9		1.02207e+07			1.10341e+07

p01.pddl
bound		ida*-bfs (exp)		ss-bfs (exp)
6		1			1
7		2			2
8		4			4
9		6			6
10		10			9.946
11		15			15.013
12		24			24.351
13		39			39.398

p10.pddl
bound		ida*-bfs (exp)		ss-bfs (exp)
4		1			1
5		65			65
6		4161			4161
7		266369			266901

p04.pddl
bound		ida*-bfs (exp)		ss-bfs (exp)
4		1			1
5		17			17
6		273			273
7		4385			4498.15
8		70433			71267.6
9		1.1313e+06			1.15837e+06
10		1.81709e+07			1.86049e+07

p06.pddl
bound		ida*-bfs (exp)		ss-bfs (exp)
4		1			1
5		17			17
6		273			273
7		4373			4470.92
8		70037			73194.4
9		1.12168e+06			1.12168e+06
10		1.79645e+07			1.88533e+07

p17.pddl
bound		ida*-bfs (exp)		ss-bfs (exp)
4		1			1
5		50			50
6		2451			2451
7		120107			118735

p20.pddl
bound		ida*-bfs (exp)		ss-bfs (exp)
6		1			1
7		10			10
8		91			91
9		829			791.74
10		7552			7580.19

p03.pddl
bound		ida*-bfs (exp)		ss-bfs (exp)
5		1			1
6		10			10
7		91			91
8		821			828.2
9		7400			7381.97
10		66692			66602.9
11		601050			613639
12		5.41685e+06			5.54766e+06
13		4.88184e+07			5.16765e+07
14		4.39968e+08			4.49816e+08

p09.pddl
bound		ida*-bfs (exp)		ss-bfs (exp)
4		1			1
5		50			50
6		2451			2451
7		120149			123270

p08.pddl
bound		ida*-bfs (exp)		ss-bfs (exp)
4		1			1
5		37			37
6		1333			1333
7		48025			50614.4
8		1.73023e+06			1.79933e+06

p16.pddl
bound		ida*-bfs (exp)		ss-bfs (exp)
4		1			1
5		37			37
6		1333			1333
7		47995			49161.8
8		1.72804e+06			1.76166e+06

p11.pddl
bound		ida*-bfs (exp)		ss-bfs (exp)
6		1			1
7		5			5
8		21			21
9		89			91.24
10		377			333.736
11		1601			1738.28
12		6777			6863.98
13		28649			30344.2
14		121129			116290
15		512489			472869
16		2.16942e+06			3.23511e+06

p02.pddl
bound		ida*-bfs (exp)		ss-bfs (exp)
4		1			1
5		10			10
6		91			91
7		823			856.48
8		7438			7327.66
9		67216			67402
10		607414			640213
11		5.48904e+06			5.41496e+06
12		4.9603e+07			4.96096e+07
13		4.48249e+08			4.856e+08
