	Report:		ida*-bfs-vs-ss-bfs - using lmcut heuristic - 1 probe.

blocks

probBLOCKS-15-0.pddl
bound		ida*-bfs (exp)		ss-bfs (exp)
28		3			3
29		30			27
30		209			243
31		1515			1338
32		8909			28828
33		59001			83448
34		331331			86313
35		2.10821e+06			971971
36		1.1776e+07			1.7132e+07

probBLOCKS-16-2.pddl
bound		ida*-bfs (exp)		ss-bfs (exp)
28		1			1
29		3			3
30		9			9
31		21			21
32		70			45
33		168			243
34		644			819
35		1647			777
36		7137			2553
37		19859			5961
38		94203			17625
39		289017			447267
40		1.45784e+06			423309
41		4.96028e+06			130773
42		2.60543e+07			511749

probBLOCKS-5-2.pddl
bound		ida*-bfs (exp)		ss-bfs (exp)
9		1			1
10		2			2
11		4			4
12		7			6
13		15			10
14		28			14
15		77			22
16		204			56

probBLOCKS-9-2.pddl
bound		ida*-bfs (exp)		ss-bfs (exp)
17		1			1
18		3			3
19		8			7
20		22			21
21		54			81
22		184			189
23		469			405
24		1946			59
25		5217			163
26		26768			16833

probBLOCKS-8-2.pddl
bound		ida*-bfs (exp)		ss-bfs (exp)
14		10			3
15		39			7
16		421			526

probBLOCKS-6-0.pddl
bound		ida*-bfs (exp)		ss-bfs (exp)
11		2			2
12		19			7

probBLOCKS-4-2.pddl
bound		ida*-bfs (exp)		ss-bfs (exp)
6		8			11

probBLOCKS-8-0.pddl
bound		ida*-bfs (exp)		ss-bfs (exp)
13		2			2
14		5			5
15		29			36
16		109			85
17		466			571
18		2521			504

probBLOCKS-4-1.pddl
bound		ida*-bfs (exp)		ss-bfs (exp)
6		1			1
7		3			3
8		5			5
9		10			10
10		26			17

probBLOCKS-13-0.pddl
bound		ida*-bfs (exp)		ss-bfs (exp)
24		1			1
25		4			4
26		18			16
27		53			52
28		234			196
29		684			193
30		3204			1543
31		10023			1165
32		49941			17320
33		173198			52312
34		902022			26437
35		3.48794e+06			1.71506e+06
36		1.86257e+07			249349

probBLOCKS-11-0.pddl
bound		ida*-bfs (exp)		ss-bfs (exp)
19		1			1
20		5			4
21		18			16
22		104			121
23		340			223
24		2155			1015
25		7119			2932
26		43459			9556
27		155325			52234
28		871825			1.04114e+06
29		3.43459e+06			1.62102e+06
30		1.78368e+07			4.60059e+06
31		7.71017e+07			4.45335e+07

probBLOCKS-12-0.pddl
bound		ida*-bfs (exp)		ss-bfs (exp)
22		1			1
23		4			4
24		18			16
25		53			40
26		251			268
27		758			1132
28		3775			7084
29		14411			8248
30		68728			13000
31		383532			90484
32		1.64984e+06			339316
33		1.26149e+07			1.43828e+06
34		5.0582e+07			7.7448e+06

probBLOCKS-13-1.pddl
bound		ida*-bfs (exp)		ss-bfs (exp)
25		1			1
26		4			5
27		11			13
28		35			49
29		93			121
30		311			259
31		881			345
32		3195			6129
33		9980			5313
34		39749			24105
35		137907			36885
36		607012			69091
37		2.325e+06			152647
38		1.11623e+07			1.49492e+06

probBLOCKS-5-0.pddl
bound		ida*-bfs (exp)		ss-bfs (exp)
8		2			2
9		7			5
10		15			19
11		47			72
12		113			134

probBLOCKS-7-2.pddl
bound		ida*-bfs (exp)		ss-bfs (exp)
12		1			1
13		3			3
14		12			9
15		27			21
16		94			57
17		223			129
18		805			1611
19		2102			3519
20		8768			10965

probBLOCKS-17-0.pddl
bound		ida*-bfs (exp)		ss-bfs (exp)
33		2			2
34		35			39
35		178			76
36		1324			1996
37		7264			14486
38		48741			11701
39		282423			43436
40		1.88027e+06			254276
41		1.15131e+07			624118

probBLOCKS-5-1.pddl
bound		ida*-bfs (exp)		ss-bfs (exp)
7		2			2
8		4			4
9		14			14
10		55			29

probBLOCKS-11-2.pddl
bound		ida*-bfs (exp)		ss-bfs (exp)
19		1			1
20		3			3
21		8			7
22		20			21
23		56			47
24		150			201
25		476			633
26		1402			1321
27		5059			3751
28		16498			7113
29		68569			22329
30		248004			31929
31		1.18976e+06			563543
32		4.71755e+06			2.38483e+06
33		2.52968e+07			1.36408e+07

probBLOCKS-12-1.pddl
bound		ida*-bfs (exp)		ss-bfs (exp)
22		1			1
23		3			3
24		9			9
25		21			21
26		66			57
27		160			201
28		569			489
29		1470			1461
30		6079			17235
31		16976			52155
32		82805			4809
33		255693			150609
34		1.49834e+06			214659

probBLOCKS-15-1.pddl
bound		ida*-bfs (exp)		ss-bfs (exp)
28		1			1
29		3			3
30		9			9
31		23			27
32		71			99
33		191			387
34		649			345
35		1873			1137
36		6940			27813
37		21302			43365
38		84257			549
39		273069			1.09241e+06
40		1.13106e+06			2.65798e+06
41		3.87163e+06			8.62995e+06
42		1.6583e+07			6.36218e+07

probBLOCKS-7-1.pddl
bound		ida*-bfs (exp)		ss-bfs (exp)
12		1			1
13		3			3
14		8			9
15		21			17
16		60			93
17		157			201
18		564			201
19		1511			1497
20		7540			4145
21		21140			22705
22		131794			59457

probBLOCKS-8-1.pddl
bound		ida*-bfs (exp)		ss-bfs (exp)
13		2			2
14		9			6
15		42			21
16		182			102
17		815			354
18		3440			1830
19		17354			4185
20		71950			13782

probBLOCKS-6-2.pddl
bound		ida*-bfs (exp)		ss-bfs (exp)
11		1			1
12		2			2
13		4			4
14		9			6
15		17			16
16		52			14
17		106			22
18		415			50
19		987			46
20		4387			1754

probBLOCKS-14-0.pddl
bound		ida*-bfs (exp)		ss-bfs (exp)
25		1			1
26		4			4
27		12			7
28		41			34
29		128			88
30		499			628
31		1670			6100
32		8218			15892
33		30024			1813
34		178172			60676
35		775833			280384
36		4.81924e+06			844144
37		2.61816e+07			8.99392e+06

probBLOCKS-10-0.pddl
bound		ida*-bfs (exp)		ss-bfs (exp)
18		2			2
19		4			4
20		13			10
21		27			26
22		84			54
23		194			328
24		661			400
25		1692			1672
26		6258			2096
27		17636			4064
28		69087			106440
29		214261			246064
30		881949			158496
31		3.01722e+06			400928
32		1.31407e+07			666016
33		4.9715e+07			1.74865e+06

probBLOCKS-4-0.pddl
bound		ida*-bfs (exp)		ss-bfs (exp)
6		10			4

probBLOCKS-7-0.pddl
bound		ida*-bfs (exp)		ss-bfs (exp)
13		1			1
14		3			3
15		5			5
16		12			12
17		21			24
18		58			48
19		124			149
20		448			712

probBLOCKS-16-1.pddl
bound		ida*-bfs (exp)		ss-bfs (exp)
31		1			1
32		7			7
33		22			16
34		115			109
35		374			736
36		1902			3595
37		6670			16999
38		33931			17908
39		129449			28276
40		667239			613948
41		2.76616e+06			2.93582e+06
42		1.46235e+07			1.84503e+06

probBLOCKS-10-2.pddl
bound		ida*-bfs (exp)		ss-bfs (exp)
19		1			1
20		3			3
21		8			7
22		18			27
23		48			81
24		113			35
25		358			273
26		925			777
27		3526			2073
28		10408			123
29		46288			367
30		164148			459
31		816718			715
32		3.54162e+06			11279
33		1.87863e+07			12357
34		9.56621e+07			33411

probBLOCKS-14-1.pddl
bound		ida*-bfs (exp)		ss-bfs (exp)
27		2			2
28		18			8
29		118			68
30		765			623
31		4697			1412
32		31357			17790
33		187062			98894
34		1.32131e+06			5.26914e+06
35		7.86661e+06			2.21576e+06

probBLOCKS-6-1.pddl
bound		ida*-bfs (exp)		ss-bfs (exp)
10		19			4

probBLOCKS-11-1.pddl
bound		ida*-bfs (exp)		ss-bfs (exp)
20		4			4
21		9			9
22		55			65
23		186			157
24		1022			1279
25		4085			2065
26		22066			12958
27		102342			38959
28		564763			910362
29		2.9654e+06			725697
30		1.72183e+07			9.84244e+06

probBLOCKS-10-1.pddl
bound		ida*-bfs (exp)		ss-bfs (exp)
19		1			1
20		3			3
21		11			9
22		25			21
23		92			57
24		226			129
25		900			1179
26		2500			777
27		10761			24507
28		33774			14349
29		155907			41565
30		550969			27993
31		2.71071e+06			961029
32		1.09385e+07			470229

probBLOCKS-9-0.pddl
bound		ida*-bfs (exp)		ss-bfs (exp)
16		1			1
17		3			3
18		8			7
19		18			11
20		49			31
21		114			47
22		366			687
23		908			1461
24		3334			175
25		8822			303
26		34813			18879
27		99120			159249
28		401347			1.9122e+06
29		1.24814e+06			9.43548e+06
30		5.07967e+06			2.85761e+07

probBLOCKS-9-1.pddl
bound		ida*-bfs (exp)		ss-bfs (exp)
16		1			1
17		2			2
18		3			3
19		6			6
20		9			9
21		20			21
22		33			33
23		88			84
24		167			113
25		536			354
26		1222			573
27		4562			60090
28		14228			3292
