	Report:		ida*-bfs-vs-ss-bfs - using lmcut heuristic - 1 probe.

floortile-opt11-strips

opt-p10-020.pddl
bound		ida*-bfs (exp)		ss-bfs (exp)
95		1			1
96		6			6
97		63			37
98		1956			1314
99		51627			2473
100		986830			47256

opt-p07-014.pddl
bound		ida*-bfs (exp)		ss-bfs (exp)
66		3			3
67		21			26
68		141			156
69		1226			1704
70		7347			19841
71		46075			56965
72		268471			860832
73		1.52448e+06			1.21495e+06
74		8.61023e+06			118322

opt-p09-017.pddl
bound		ida*-bfs (exp)		ss-bfs (exp)
89		145			132
90		1220			924
91		20866			16574
92		250358			235406

opt-p02-003.pddl
bound		ida*-bfs (exp)		ss-bfs (exp)
40		1			1
42		58			37
43		356			518
44		2606			4129
45		14243			15498
46		82942			50488
47		439712			304525
48		2.18952e+06			5111
49		1.12354e+07			1.68564e+06
50		5.05531e+07			1.50493e+06

opt-p07-013.pddl
bound		ida*-bfs (exp)		ss-bfs (exp)
68		9			11
69		26			29
70		415			410
71		2455			2541
72		18708			5455
73		128475			1.1668e+06
74		831583			9116
75		5.55438e+06			35387

opt-p04-008.pddl
bound		ida*-bfs (exp)		ss-bfs (exp)
48		54			65
49		125			149
50		1879			813
51		5368			3208
52		51967			16884
53		193038			5464
54		1.45011e+06			28265
55		6.33703e+06			1.09287e+06
56		4.01664e+07			899317

opt-p01-001.pddl
bound		ida*-bfs (exp)		ss-bfs (exp)
28		6			6
29		28			21
30		231			135
31		917			471
32		5258			4343
33		20682			38868
34		105783			105138
35		416177			2.55653e+06
36		1.96012e+06			139032
37		7.77007e+06			129210
38		3.61606e+07			4.36435e+06

opt-p01-002.pddl
bound		ida*-bfs (exp)		ss-bfs (exp)
24		1			1
25		31			6
26		118			184
27		591			1261
28		2214			1844
29		9456			804
30		37208			8117
31		150454			19459
32		654579			63398
33		3.53239e+06			1.59269e+06

opt-p02-004.pddl
bound		ida*-bfs (exp)		ss-bfs (exp)
33		2			2
34		18			14
35		75			101
36		407			462
37		1599			3613
38		8236			7325
39		32459			72822
40		160521			10965
41		635331			26211
42		3.05891e+06			1.78958e+06
43		1.20756e+07			2.17477e+07
44		5.70389e+07			1.96933e+06

opt-p03-006.pddl
bound		ida*-bfs (exp)		ss-bfs (exp)
42		13			19
43		53			26
44		580			75
45		5292			996
46		26812			3626
47		205055			56947
48		979266			50304
49		6.24784e+06			4987
50		3.14438e+07			3.27599e+06

opt-p06-012.pddl
bound		ida*-bfs (exp)		ss-bfs (exp)
65		5			6
66		22			21
67		534			87
68		2791			1813
69		20370			703
70		114496			764
71		623353			5119
72		3.6238e+06			131303

opt-p09-018.pddl
bound		ida*-bfs (exp)		ss-bfs (exp)
91		71			87
92		1290			2126
93		38205			12692
94		1.79128e+06			99956

opt-p03-005.pddl
bound		ida*-bfs (exp)		ss-bfs (exp)
40		3			3
41		132			120
42		528			391
43		7851			1881
44		23152			19921
45		218014			188248
46		748176			40531
47		5.29665e+06			199826
48		2.06788e+07			2.96432e+07

opt-p05-009.pddl
bound		ida*-bfs (exp)		ss-bfs (exp)
54		119			251
55		3446			3471
56		12655			2577
57		208911			15448
58		850876			12435
59		8.23795e+06			20269

opt-p10-019.pddl
bound		ida*-bfs (exp)		ss-bfs (exp)
97		27072			4264
98		390823			569057

opt-p06-011.pddl
bound		ida*-bfs (exp)		ss-bfs (exp)
65		2			2
66		5			5
67		64			71
68		242			370
69		2546			6214
70		12865			125931
71		99646			423063
72		541750			431338
73		3.75304e+06			624844

opt-p04-007.pddl
bound		ida*-bfs (exp)		ss-bfs (exp)
43		2			2
44		15			11
45		198			36
46		1633			897
47		9222			2874
48		63843			1454
49		302465			11497
50		1.84342e+06			23378
51		8.27642e+06			80592

opt-p08-015.pddl
bound		ida*-bfs (exp)		ss-bfs (exp)
77		3			3
78		21			13
79		224			303
80		1862			209
81		14746			81750
82		130294			76439
83		1.05225e+06			96718

opt-p05-010.pddl
bound		ida*-bfs (exp)		ss-bfs (exp)
56		59			37
57		619			777
58		4696			2381
59		30171			35843
60		196628			8469
61		1.12998e+06			76170
62		6.60773e+06			1.07269e+07

opt-p08-016.pddl
bound		ida*-bfs (exp)		ss-bfs (exp)
78		1			1
79		9			10
80		70			23
81		633			394
82		5126			9209
83		39107			28126
84		429818			169299
85		3.08756e+06			275557
