	Report:		ida*-bfs-vs-ss-bfs - using lmcut heuristic - 1 probe.

tidybot-opt11-strips

p14.pddl
bound		ida*-bfs (exp)		ss-bfs (exp)
17		65			23
18		125			47
19		1428			1909
20		3045			5435
21		26222			30383
22		54469			32593
23		415365			402149

p19.pddl
bound		ida*-bfs (exp)		ss-bfs (exp)
21		14			19
22		161			298
23		494			382
24		5627			1241
25		13702			4424
26		122596			17758
27		287648			38160

p18.pddl
bound		ida*-bfs (exp)		ss-bfs (exp)
18		6			6
19		13			13
20		82			73
21		236			216
22		1104			1735
23		3487			2461
24		14988			10465
25		48829			39790
26		201660			136702
27		667832			631947

p15.pddl
bound		ida*-bfs (exp)		ss-bfs (exp)
18		5			5
19		720			347
20		1787			----zero_info----
21		29146			11056
22		72052			----zero_info----

p12.pddl
bound		ida*-bfs (exp)		ss-bfs (exp)
21		1			1
22		10			----zero_info----
23		37			63
24		213			218
25		851			2014
26		4441			3012
27		19639			357
28		91858			12239
29		437075			253931

p13.pddl
bound		ida*-bfs (exp)		ss-bfs (exp)
16		2			2
17		35			67
18		116			235
19		621			927
20		2034			3599
21		9002			1711
22		29933			31478
23		122605			144751
24		418574			52632

p07.pddl
bound		ida*-bfs (exp)		ss-bfs (exp)
13		16			16
14		213			63
15		1204			450
16		6866			5634
17		37341			256950

p05.pddl
bound		ida*-bfs (exp)		ss-bfs (exp)
24		2			2
25		100			54
26		429			181
27		3189			472
28		14366			7054
29		69824			67099
30		331373			275697
31		1.2794e+06			238000

p01.pddl
bound		ida*-bfs (exp)		ss-bfs (exp)
4		65			65

p10.pddl
bound		ida*-bfs (exp)		ss-bfs (exp)
22		1			1
23		16			11
24		92			89
25		404			189
26		2014			3306
27		8529			4238
28		38920			13654
29		173287			74745

p04.pddl
bound		ida*-bfs (exp)		ss-bfs (exp)
25		178			39
26		476			286
27		5352			1919
28		12907			1897
29		108545			1.51057e+06
30		251587			22774
31		1.85954e+06			1.06236e+06
32		4.29669e+06			40549

p06.pddl
bound		ida*-bfs (exp)		ss-bfs (exp)
27		23			14
28		98			45
29		752			222
30		3590			18051
31		20846			11973
32		104493			151461

p17.pddl
bound		ida*-bfs (exp)		ss-bfs (exp)
21		41			17
22		215			----zero_info----
23		1007			1301
24		4707			9625
25		18425			3459
26		77617			44401
27		298518			32611

p20.pddl
bound		ida*-bfs (exp)		ss-bfs (exp)
26		2			2
27		11			11
28		48			50
29		166			159
30		715			769
31		1959			2241
32		8702			10024
33		21419			17050
34		95968			77888
35		228074			160928

p03.pddl
bound		ida*-bfs (exp)		ss-bfs (exp)
12		35			34
13		105			58
14		1021			984
15		3783			6057
16		37550			2304

p09.pddl
bound		ida*-bfs (exp)		ss-bfs (exp)
17		320			292
18		719			722
19		8048			8569
20		22840			5593
21		151675			103841
22		548451			96630

p08.pddl
bound		ida*-bfs (exp)		ss-bfs (exp)
19		5			5
20		30			17
21		142			220
22		464			565
23		1981			3962
24		5221			14096
25		22068			6463
26		51895			14166
27		221992			50435
28		489204			79967
29		2.13938e+06			731689

p16.pddl
bound		ida*-bfs (exp)		ss-bfs (exp)
22		2			61
23		29			37
24		78			73
25		673			551
26		1694			1361
27		12048			11123
28		30877			30981
29		198055			161469
30		528698			287471

p11.pddl
bound		ida*-bfs (exp)		ss-bfs (exp)
15		9			7
16		24			23
17		124			93
18		371			165
19		1305			3153
20		4197			1719
21		12447			19741
22		42342			----zero_info----
23		115690			398425
24		407194			49623
25		1.0839e+06			405213

p02.pddl
bound		ida*-bfs (exp)		ss-bfs (exp)
19		5			5
20		23			15
21		124			75
22		387			168
23		1651			1716
24		4705			937
25		17571			27932
26		48675			90850
27		165502			43562
28		457779			102164
29		1.46016e+06			222038
30		4.09483e+06			2.13706e+06

Files that contains zero_info:	4
p11.pddl
p12.pddl
p15.pddl
p17.pddl
