	Report:		ida*-bfs-vs-ss-bfs - using lmcut heuristic - 1 probe.

transport-opt08-strips

p14.pddl
bound		ida*-bfs (exp)		ss-bfs (exp)
337		3			3
348		6			6
349		7			7
353		9			9
357		11			11
358		13			13
363		16			16
364		19			21
367		23			22
369		25			24
371		29			28
374		36			38
375		39			38
376		41			40
377		42			43
378		46			43
379		54			54
382		55			52
383		65			72
384		71			74
386		72			75
387		74			64
388		81			92
389		89			104
390		111			160
391		112			144
392		113			144
393		124			157
394		129			135
395		169			154
396		172			146
397		186			158
398		196			162
399		202			351
400		226			220
401		235			413
402		261			467
403		271			222
404		287			298
405		302			261
406		305			261
407		332			263
408		347			219
409		396			318
410		423			418
411		424			523
412		457			401
413		502			476
414		518			559
415		547			485
416		598			583
417		651			550
418		682			433
419		733			468
420		766			291
421		909			546
422		944			897
423		1005			1038
424		1122			586
425		1171			3208
426		1248			2335
427		1301			2379
428		1416			1269
429		1565			900
430		1659			725
431		1738			720
432		1783			2403
433		1891			3786
434		2036			671
435		2212			812
436		2441			5454
437		2517			2799
438		2686			7122
439		2935			7736
440		3057			7872
441		3333			1146
442		3530			1855
443		3819			6469
444		3998			9334
445		4231			1832
446		4600			3664
447		5152			3440
448		5390			8010
449		5741			5477
450		6285			11325
451		6660			6763
452		7066			3796
453		7477			5449
454		8082			6120
455		8939			2884
456		9454			3285
457		9963			3376
458		10563			2987
459		11201			18473
460		11928			12527
461		12604			14301
462		13761			15557
463		14640			13679
464		15531			13760
465		16770			7486
466		17492			17522
467		19277			9374
468		20550			64348
469		22074			14651
470		23628			25153
471		24858			14354
472		26717			11919
473		29274			15580
474		31053			43883
475		33345			32665
476		35888			15999
477		37950			17784
478		40223			15852
479		42763			32275
480		46182			28149
481		50368			29911
482		53472			42604
483		56568			33127
484		60427			46152
485		64618			60725
486		68339			45444
487		72529			33479
488		78171			56259
489		84210			56329
490		132022			165839
491		181432			239578
492		414261			706613
493		736390			42745

p19.pddl
bound		ida*-bfs (exp)		ss-bfs (exp)
379		6			6
380		7			7
381		8			8
382		12			12
383		13			13
384		16			16
386		17			17
389		19			18
390		24			26
391		32			33
392		41			42
393		43			44
394		45			43
395		49			53
396		51			50
397		61			58
398		84			82
399		93			101
400		95			89
401		103			97
402		114			98
403		152			169
404		195			222
405		219			202
406		269			251
407		325			351
408		382			340
409		466			659
410		514			681
411		604			800
412		708			647
413		796			992
414		938			635
415		1038			921
416		1236			1738
417		1381			1855
418		1578			1790
419		1839			1343
420		1967			1571
421		2244			1848
422		2523			1849
423		3069			4292
424		3650			3760
425		4097			3117
426		4745			4064
427		5323			5309
428		6303			4470
429		7192			9824
430		8552			4469
431		9952			7473
432		11528			9440
433		13320			9119
434		14911			10346

p29.pddl
bound		ida*-bfs (exp)		ss-bfs (exp)

p18.pddl
bound		ida*-bfs (exp)		ss-bfs (exp)
391		279			351
392		341			354
393		401			365
394		441			418
395		500			521
396		578			857
397		677			622
398		783			710
399		865			560
400		982			805
401		1147			981
402		1299			1891
403		1483			1706
404		1706			1115
405		1961			1215
406		2180			1429
407		2466			1307
408		2873			2382
409		3315			4983
410		3875			2561
411		4496			3910
412		5105			3257
413		5804			10471
414		6599			6198
415		7683			6462
416		8784			8637
417		9775			6987
418		11069			10111
419		12294			7511
420		14118			15698
421		16421			44698
422		19082			16197
423		22149			19199

p15.pddl
bound		ida*-bfs (exp)		ss-bfs (exp)
337		1			1
360		7			8
363		9			10
366		10			12
368		21			25
374		23			29
375		25			19
377		26			32
378		28			33
379		31			40
381		35			28
383		40			36
384		45			37
385		52			65
386		55			70
387		58			66
388		60			67
389		67			87
390		81			122
391		86			103
392		88			60
393		97			66
394		101			117
395		117			70
396		141			190
398		144			190
399		151			99
400		157			138
401		161			116
402		190			125
403		223			181
404		257			300
405		272			184
406		284			243
407		294			265
408		323			173
409		360			220
410		423			277
411		459			573
412		474			476
413		526			664
414		567			533
415		588			435
416		722			643
417		804			1766
418		920			636
419		986			613
420		1005			1074
421		1077			811
422		1135			802
423		1261			853
424		1393			1373
425		1483			1267
426		1628			2181
427		1772			1408
428		1880			4831
429		2026			1729
430		2183			2217
431		2481			1814
432		2847			2135
433		3077			2428
434		3257			3568
435		3451			2541
436		3773			3771
437		4114			5820
438		4499			5371
439		4884			3964
440		5302			3385
441		5715			11382
442		6101			3726
443		6500			4748
444		7000			7352
445		7591			7377
446		8280			4197
447		8909			9912
448		9351			15698
449		9957			10705
450		10750			10216
451		11759			6365
452		13068			4894
453		14236			16660
454		15626			13007
455		17068			17880
456		18351			43695
457		19619			12706
458		21769			14363
459		24231			10397
460		26963			13486
461		29512			21133
462		31448			10712
463		33782			39954
464		36953			70346
465		40040			19274
466		44420			53291
467		48891			38492
468		53389			25580
469		58257			27844
470		61907			43577
471		66443			28408
472		72133			41840
473		78605			50430
474		86777			33891
475		94462			123320
476		100732			161826
477		108025			223860
478		116705			442910
479		127142			115877
480		140429			65348
481		154197			71671
482		168543			369588
483		181709			67828
484		195887			136616
485		210081			90016
486		230355			224238

p25.pddl
bound		ida*-bfs (exp)		ss-bfs (exp)
396		1			1
403		3			3
405		5			5
406		6			6
407		8			8
409		10			10
411		12			12
413		14			14
415		16			16
417		19			19
419		22			22
420		23			23
421		26			26
422		27			27
423		30			30
424		38			38
425		42			42
426		59			59
427		65			65
428		84			84
429		92			92
430		114			114
431		124			124
432		148			148
433		165			165
434		191			191
435		216			216
436		245			245
437		280			280
438		317			317
439		381			326
440		448			395
441		590			512
442		782			626
443		1176			941
444		1828			2053
445		3143			2754
446		5584			5115
447		10477			10814
448		20015			19481
449		39116			53535
450		77047			83114
451		153039			164299
452		304920			329184
453		609329			605188
454		1.21906e+06			1.18331e+06

p12.pddl
bound		ida*-bfs (exp)		ss-bfs (exp)
305		1			1
334		3			3
342		5			5
357		7			5
359		9			9
365		11			13
369		13			13
374		15			13
376		17			21
380		19			29
383		27			25
386		29			25
388		31			25
391		33			25
393		35			33
394		37			33
398		43			25
399		53			33
400		55			37
403		59			81
404		63			85
405		65			85
408		67			85
409		77			117
410		79			117
411		81			85
412		89			53
414		115			65
415		117			113
416		123			121
417		135			125
419		141			129
420		153			141
422		157			141
425		159			141
426		167			145
427		179			105
428		189			341
429		229			229
430		241			229
431		261			177
432		277			557
433		297			445
434		311			509
435		327			197
436		335			425
437		355			277
438		365			277
439		371			269
440		397			993
441		409			401
442		411			345
443		491			349
444		529			529
445		591			425
446		615			357
447		629			353
448		715			345
449		725			345
450		767			345
451		825			353
452		847			505
453		917			909
454		945			977
455		985			1397
456		993			2101
457		1007			2109
458		1167			937
459		1207			1105
460		1377			941
461		1437			893
462		1481			909
463		1701			873
464		1785			3189
465		1931			1025
466		2037			5137
467		2089			5145
468		2231			3901
469		2325			673
470		2381			1273
471		2445			1273
472		2577			2469
473		2731			1677
474		3063			4497
475		3334			4781
476		3426			1497
477		3819			4985
478		4050			9333
479		4436			1849
480		4643			1849
481		4749			10909
482		5155			5733
483		5330			7665
484		5741			7933
485		5963			14465
486		6145			14481
487		6678			14837
488		6761			3301
489		7665			4209
490		7869			4949
491		8292			2321
492		9355			2581
493		9647			2581
494		10859			2597
495		11219			2601
496		11558			7785
497		12788			13177
498		13293			13181
499		14371			6513
500		14954			6585
501		15476			6665
502		16355			15221
503		17105			8817
504		18762			12001
505		19467			12005
506		21213			5269
507		22552			10141
508		24896			44881
509		27288			28009
510		28649			71357
511		30957			34861
512		32965			43013
513		35407			177169
514		37690			7409
515		39337			7413
516		42053			25929
517		43446			60457
518		48169			49325
519		50663			49329
520		54937			35833
521		59937			27781
522		62511			27125
523		71274			122841
524		75168			271489
525		81128			66757
526		89421			97985
527		93684			191077
528		105205			239337
529		111087			48277
530		119323			71901
531		129562			81733
532		137675			192493
533		152811			33481
534		162743			7325
535		178678			111465
536		193228			121337
537		208514			23101
538		235064			630497
539		252576			227677
540		280711			252097
541		304372			180653
542		334126			82853
543		370562			1.14032e+06
544		402252			484193
545		441208			198669
546		480110			144037
547		525837			118761
548		575823			132049
549		629886			88473
550		695699			281937
551		755060			222521
552		847674			308673
553		931667			217093
554		1.03922e+06			427229
555		1.15512e+06			542721
556		1.26695e+06			523241
557		1.42897e+06			294245
558		1.57904e+06			617153
559		1.76384e+06			1.13948e+06
560		1.97207e+06			699009
561		2.18445e+06			758421
562		2.4673e+06			539849
563		2.74068e+06			547773
564		3.09147e+06			624193
565		3.48064e+06			363685
566		3.93728e+06			8.88918e+06
567		4.70813e+06			535513
568		5.71102e+06			887289

p13.pddl
bound		ida*-bfs (exp)		ss-bfs (exp)
304		1			1
317		2			2
322		3			3
325		4			4
334		5			5
337		8			8
341		9			9
344		10			10
348		12			12
352		14			14
353		16			16
358		17			17
359		18			18
360		22			22
361		25			25
363		28			30
364		29			31
365		33			36
369		34			37
370		39			42
372		40			37
373		48			45
374		50			52
375		53			66
376		57			58
377		62			60
379		63			61
380		65			69
381		69			64
382		77			60
383		82			78
384		87			87
385		102			123
386		114			153
387		121			126
388		125			109
389		141			133
390		151			149
391		155			109
392		169			134
393		170			144
394		174			185
395		176			187
396		195			155
397		216			166
398		225			264
399		242			175
400		264			243
401		307			403
402		323			623
404		331			402
405		340			365
406		372			536
407		393			536
408		429			542
409		489			503
410		517			430
411		564			556
412		596			935
413		637			781
414		666			787
415		705			1023
416		737			1376
417		771			1583
418		836			1728
419		938			1746
420		1047			1259
421		1268			2367
422		1624			2785
423		2216			2366
424		3337			5666
425		5546			5049
426		9700			22367
427		17934			2145
428		34382			1298
429		67265			827
430		132910			313131
431		264101			623538
432		526391			1.24668e+06
433		1.05087e+06			2.49323e+06
434		2.0997e+06			4.983e+06
435		4.19716e+06			4.06557e+06

p30.pddl
bound		ida*-bfs (exp)		ss-bfs (exp)

p07.pddl
bound		ida*-bfs (exp)		ss-bfs (exp)
199		36			36
200		96			96
201		180			180
202		480			480
203		756			756
204		2016			2016
205		3060			3060
206		8160			8160
207		12276			12276
208		32737			32737
209		49141			49141
210		131047			131047
211		196604			196604

p05.pddl
bound		ida*-bfs (exp)		ss-bfs (exp)
163		4703			4681
164		18544			18522
165		23253			23209
166		92408			92364
167		97124			97322
168		387482			387746
169		392206			392118
170		1.56734e+06			1.56734e+06

p22.pddl
bound		ida*-bfs (exp)		ss-bfs (exp)
301		2			2
303		8			9
305		16			14
307		26			21
309		38			28
311		52			39
313		68			44
315		86			87
317		106			100
319		128			119
321		152			232
323		178			141
325		206			102
327		236			405
329		268			464
331		302			221
333		340			126
335		394			525
337		504			330
339		832			749
341		2026			1888
343		6678			7119
345		25156			25356
347		98932			98669
349		393894			393586
351		1.57359e+06			1.57327e+06
353		6.29224e+06			6.292e+06
355		2.51667e+07			2.51668e+07

p01.pddl
bound		ida*-bfs (exp)		ss-bfs (exp)
53		1			1
54		15			15

p10.pddl
bound		ida*-bfs (exp)		ss-bfs (exp)
201		2			2
202		2736			2736
203		5483			5483
204		13704			19145
205		27418			32841
206		57584			105240

p04.pddl
bound		ida*-bfs (exp)		ss-bfs (exp)
171		1			1
183		7			7
185		12			12
186		13			13
187		22			22
188		24			24
189		37			37
190		40			40
191		58			58
192		60			60
193		82			82
194		85			85
195		115			115
196		127			127
197		158			156
198		177			177
199		212			210
200		237			237
201		279			281
202		313			307
203		369			355
204		425			397
205		519			689
206		645			493
207		879			552
208		1417			514
209		2191			11509
210		3622			703
211		6463			520
212		12025			963
213		23139			131404
214		45159			4736
215		89134			816
216		176849			656308
217		352249			1099
218		702692			1510
219		1.40362e+06			2008
220		2.80487e+06			2619
221		5.60755e+06			165547

p26.pddl
bound		ida*-bfs (exp)		ss-bfs (exp)
341		14			14
342		60			58
343		81			69
344		146			162
345		176			206
346		272			313
347		324			315
348		498			376
349		618			773
350		1053			1243
351		1405			1535
352		2842			3597
353		4067			3599
354		9506			11499
355		14257			14650
356		36035			30959
357		56368			50063
358		146419			347420
359		234034			427744

p06.pddl
bound		ida*-bfs (exp)		ss-bfs (exp)
155		1			1
156		2			2
157		3			3
158		4			4
159		5			5
160		6			6
161		7			7
162		8			8
163		9			9
164		10			10
165		11			11
166		12			12
167		13			13
168		17			6
169		18			6
170		26			12
171		27			12
172		39			18
173		40			18
174		59			34
175		63			164
176		92			324
177		99			371
178		148			75
179		161			123
180		274			30
181		298			75
182		647			179
183		698			974
184		1949			3860
185		2054			2322
186		6835			313
187		7033			391
188		25798			994
189		26185			114240
190		100736			27990
191		101663			6143
192		399417			985276
193		402441			593139

p17.pddl
bound		ida*-bfs (exp)		ss-bfs (exp)
403		1			1
406		2			2
408		6			6
409		7			7
410		8			8
411		12			11
412		23			26
413		24			20
414		31			35
415		33			29
417		53			60
418		58			63
419		62			56
420		64			74
421		66			69
422		68			62
423		76			80
424		86			91
425		95			86
426		107			113
427		119			131
428		147			144
429		148			144
430		164			146
431		218			182
432		239			320
433		327			300
434		370			242
435		403			387
436		467			482
437		511			496
438		724			697
439		791			960
440		883			1209
441		975			1218
442		1117			1044
443		1413			1877
444		1639			966
445		1833			2777
446		2043			2059
447		2212			2499
448		2495			2901
449		2907			2220
450		3325			3129
451		3839			2985
452		4381			4081
453		5225			4568
454		5946			4266
455		6454			5811
456		7484			9236
457		8743			11160
458		9901			9801
459		11410			12590
460		13025			9035
461		14481			9532
462		16676			14777
463		19223			17951
464		22122			12749
465		25267			25179
466		28639			40107
467		32400			33283
468		36590			31570
469		42836			39030

p20.pddl
bound		ida*-bfs (exp)		ss-bfs (exp)
444		2			2
445		3			3
451		7			7
452		9			9
453		10			10
455		17			18
456		18			19
459		19			20
461		28			30
462		37			33
463		39			35
464		44			43
465		48			61
466		63			71
467		68			67
468		83			67
469		92			78
470		110			129
471		111			104
472		138			130
473		149			158
474		159			153
475		182			155
476		203			223
477		264			291
478		296			342
479		383			563
480		421			401
481		479			499
482		560			573
483		614			679
484		685			831
485		821			583
486		903			1001
487		1015			1354
488		1264			1345
489		1432			1483
490		1653			1902
491		1818			2176
492		2121			2470
493		2510			2999
494		2711			2589
495		3055			3011
496		3472			5227
497		3785			2916
498		4194			3352
499		4721			4676
500		5365			2738
501		6062			4246
502		6824			5146
503		8229			4585
504		9552			11774
505		11034			10502
506		12649			10652
507		14524			15081

p28.pddl
bound		ida*-bfs (exp)		ss-bfs (exp)
379		1			1
384		2			2
390		3			3
393		4			4
397		7			----zero_info----
402		8			8
403		9			9
405		12			11
406		15			17
407		17			14
408		18			17
409		21			30
410		25			21
411		27			21
412		33			26
413		40			29
414		52			39
415		66			44
416		77			51
417		95			67
418		112			70
419		131			75
420		168			421
421		207			113
422		276			194
423		564			175
424		1944			942
425		2612			4347
426		4735			1870
427		6006			17060
428		9180			12304
429		11379			5205
430		16255			11366
431		20558			5701
432		27889			17049
433		34895			20809
434		45859			23982
435		56659			16730
436		72928			25145

p23.pddl
bound		ida*-bfs (exp)		ss-bfs (exp)
409		2			2
411		4			4
413		18			18
414		33			33
415		61			61
416		95			95
417		135			135
418		192			192
419		244			244
420		328			328
421		392			392
422		507			507
423		583			583
424		733			733
425		821			821
426		1010			1010
427		1110			1110
428		1342			1342
429		1454			1454
430		1735			7
431		1919			67
432		2259			75
433		2515			135
434		2922			4065
435		3250			207
436		3732			223
437		4132			283
438		4697			2073
439		5169			363
440		5825			2475
441		6369			8421
442		7124			9161
443		7740			535
444		8602			29397
445		9290			627
446		10267			90291
447		11027			96111
448		12127			763
449		12959			14333
450		14190			867
451		15094			332097
452		16464			975
453		17444			119
454		18961			6821
455		20025			465
456		21697			139
457		22925			163
458		24902			313
459		26524			587
460		29173			18440
461		31624			1684
462		35727			2470
463		40257			6281
464		48692			35670
465		64822			22288
466		100959			136132
467		229943			83001
468		535451			648490
469		1.86886e+06			2.10516e+06
470		4.97789e+06			3.91272e+06

p21.pddl
bound		ida*-bfs (exp)		ss-bfs (exp)
319		3			3
321		6			7
322		9			9
323		21			25
324		33			33
325		81			97
326		129			129
327		321			257
328		513			513
329		1281			1537
330		2049			2049
331		5121			4097
332		8193			8193
333		20481			16385
334		32769			32769
335		81921			98305
336		131073			131073
337		327681			262145
338		524289			524289
339		1.31072e+06			1.04858e+06
340		2.09715e+06			2.09715e+06
341		5.24288e+06			6.29146e+06
342		8.38861e+06			8.38861e+06
343		2.09715e+07			1.67772e+07
344		3.35544e+07			3.35544e+07
345		8.38861e+07			6.71089e+07
346		1.34218e+08			1.34218e+08

p03.pddl
bound		ida*-bfs (exp)		ss-bfs (exp)
139		9			6
140		14			11
141		71			106
142		106			80
143		507			322
144		752			563
145		3561			4287
146		5276			6198
147		24941			31622
148		36946			48772
149		174603			154878
150		258638			339741
151		1.22224e+06			867128
152		1.81048e+06			2.38988e+06
153		8.55569e+06			6.07061e+06
154		1.26734e+07			1.4884e+07

p24.pddl
bound		ida*-bfs (exp)		ss-bfs (exp)
406		2			2
408		4			4
410		6			6
412		8			8
414		10			10
416		12			12
418		14			14
420		16			16
422		18			18
424		20			20
426		22			22
428		24			24
430		26			26
432		28			28
434		30			30
436		32			32
438		34			34
440		36			36
442		38			38
444		40			40
446		42			42
448		44			44
450		46			46
452		48			48
454		50			50
456		52			52
457		53			53
458		556103			59
459		1.22882e+06			364

p09.pddl
bound		ida*-bfs (exp)		ss-bfs (exp)
146		1			1
148		4			4
150		11			11
151		13			13
152		31			37
153		51			49
154		137			141
155		239			287
156		693			839
157		1171			1537
158		3482			2134
159		5661			3513
160		16941			9185
161		26732			13152
162		80036			69588
163		123450			108082

p08.pddl
bound		ida*-bfs (exp)		ss-bfs (exp)
156		1			1
168		2			2
170		4			4
172		5			5
173		6			6
174		8			10
175		11			10
176		14			14
177		17			18
178		20			22
179		26			39
180		35			55
181		40			37
182		54			65
183		62			35
184		83			53
185		93			74
186		129			62
187		155			110
188		222			180
189		289			63
190		463			109
191		649			819
192		1217			176
193		1831			2535
194		3982			2849
195		6383			18213
196		14836			22159
197		24250			5879
198		57847			2717
199		95276			16124

p16.pddl
bound		ida*-bfs (exp)		ss-bfs (exp)
372		4			4
373		5			5
374		6			6
375		8			8
376		11			11
379		15			15
381		18			18
382		25			21
386		28			22
387		30			24
388		32			22
390		36			26
391		47			59
392		55			41
393		96			109
394		103			120
395		122			93
396		145			107
397		170			202
398		189			217
399		223			178
400		256			266
401		279			291
402		309			270
403		350			242
404		391			275
405		412			396
406		444			382
407		485			366
408		542			527
409		630			391
410		669			580
411		723			925
412		810			689
413		921			957
414		1066			929
415		1237			917
416		1399			1044
417		1594			2160
418		1811			1445
419		2021			1455
420		2341			1666
421		2847			4644
422		3371			3258
423		3923			3114
424		4436			2788
425		5119			4078
426		5678			4781
427		6484			4831
428		7337			6294
429		8396			11739
430		9675			8842
431		11280			9632
432		12745			8975
433		14372			21567
434		16086			20080
435		17795			10569
436		19941			13640
437		22312			34002
438		24859			38533
439		28332			16688
440		31699			15519
441		35867			24991
442		41314			31834
443		46584			36639

p11.pddl
bound		ida*-bfs (exp)		ss-bfs (exp)
244		1			1
274		3			3
304		7			7
334		15			15
364		31			31
394		63			63
410		65			125
424		129			253
439		133			9
454		261			513
455		265			17
456		291			69

p27.pddl
bound		ida*-bfs (exp)		ss-bfs (exp)
358		1			1
369		3			3
371		8			8
373		17			17
375		30			30
377		47			47
379		68			68
380		79			79
381		106			106
382		109			97
383		142			156
384		143			157
385		182			166
386		183			199
387		228			210
388		229			247
389		280			300
390		281			301
391		352			341
392		550			508
393		861			1500
394		2023			1501
395		3858			7140
396		10042			11263
397		20231			5929
398		51104			101510
399		103841			11959
400		251898			274220

p02.pddl
bound		ida*-bfs (exp)		ss-bfs (exp)
115		1			1
117		15			25
118		17			27
119		75			127
120		83			135
121		317			219
122		349			251
123		1287			527
124		1415			655
125		5169			2147
126		5681			3583
127		20702			14227
128		22753			17472
129		82846			245574
130		91062			58828
131		1.90442e+06			398062

Files that contains zero_info:	1
p28.pddl
