	Report:		ida*-bfs-vs-ss-bfs - using lmcut heuristic - 100 probes.

blocks

probBLOCKS-15-0.pddl
bound		ida*-bfs (exp)		ss-bfs (exp)
28		3			3
29		30			30.37
30		209			220.74
31		1515			1619.11
32		8909			8617.21
33		59001			58668.4
34		331331			354070
35		2.10821e+06			1.85843e+06
36		1.1776e+07			1.28889e+07

probBLOCKS-16-2.pddl
bound		ida*-bfs (exp)		ss-bfs (exp)
28		1			1
29		3			3
30		9			9
31		21			21.48
32		70			71.88
33		168			175.62
34		644			628.56
35		1647			----zero_info----
36		7137			6470.52
37		19859			26265.4
38		94203			84135.4
39		289017			295820
40		1.45784e+06			1.18559e+06
41		4.96028e+06			3.1994e+06
42		2.60543e+07			3.20563e+07

probBLOCKS-5-2.pddl
bound		ida*-bfs (exp)		ss-bfs (exp)
9		1			1
10		2			2
11		4			4
12		7			7
13		15			15.24
14		28			29.52
15		77			85.66
16		204			204.02

probBLOCKS-9-2.pddl
bound		ida*-bfs (exp)		ss-bfs (exp)
17		1			1
18		3			3
19		8			7.88
20		22			21.1
21		54			54.96
22		184			189.2
23		469			458.96
24		1946			1679.14
25		5217			4307.42
26		26768			36142.1

probBLOCKS-8-2.pddl
bound		ida*-bfs (exp)		ss-bfs (exp)
14		10			8.88
15		39			39.38
16		421			385.26

probBLOCKS-6-0.pddl
bound		ida*-bfs (exp)		ss-bfs (exp)
11		2			2
12		19			19.66

probBLOCKS-4-2.pddl
bound		ida*-bfs (exp)		ss-bfs (exp)
6		8			7.46

probBLOCKS-8-0.pddl
bound		ida*-bfs (exp)		ss-bfs (exp)
13		2			2
14		5			5
15		29			27.4
16		109			108.15
17		466			475.41
18		2521			2544.62

probBLOCKS-4-1.pddl
bound		ida*-bfs (exp)		ss-bfs (exp)
6		1			1
7		3			3
8		5			5
9		10			10
10		26			27.1

probBLOCKS-13-0.pddl
bound		ida*-bfs (exp)		ss-bfs (exp)
24		1			1
25		4			4
26		18			18.04
27		53			53.5
28		234			241.78
29		684			710.02
30		3204			3202.75
31		10023			9858.97
32		49941			46123.7
33		173198			188825
34		902022			1.16559e+06
35		3.48794e+06			2.79787e+06
36		1.86257e+07			2.00168e+07

probBLOCKS-11-0.pddl
bound		ida*-bfs (exp)		ss-bfs (exp)
19		1			1
20		5			4.93
21		18			19.09
22		104			132.58
23		340			294.04
24		2155			2571.46
25		7119			7494.04
26		43459			38507.5
27		155325			160651
28		871825			703671
29		3.43459e+06			3.14961e+06
30		1.78368e+07			2.40748e+07
31		7.71017e+07			5.30351e+07

probBLOCKS-12-0.pddl
bound		ida*-bfs (exp)		ss-bfs (exp)
22		1			1
23		4			4
24		18			18.1
25		53			50.5
26		251			252.79
27		758			807.49
28		3775			4552.03
29		14411			23762.5
30		68728			98231.8
31		383532			387920
32		1.64984e+06			2.31823e+06
33		1.26149e+07			3.76611e+06
34		5.0582e+07			4.48863e+07

probBLOCKS-13-1.pddl
bound		ida*-bfs (exp)		ss-bfs (exp)
25		1			1
26		4			3.9
27		11			10.64
28		35			33.64
29		93			95.16
30		311			326.48
31		881			886.42
32		3195			3422.86
33		9980			7846.38
34		39749			33944.1
35		137907			130057
36		607012			492723
37		2.325e+06			1.28517e+06
38		1.11623e+07			8.83856e+06

probBLOCKS-5-0.pddl
bound		ida*-bfs (exp)		ss-bfs (exp)
8		2			2
9		7			6.88
10		15			14.56
11		47			46.12
12		113			138.55

probBLOCKS-7-2.pddl
bound		ida*-bfs (exp)		ss-bfs (exp)
12		1			1
13		3			3
14		12			11.7
15		27			26.7
16		94			93.6
17		223			223.74
18		805			834.36
19		2102			2205.3
20		8768			12148.6

probBLOCKS-17-0.pddl
bound		ida*-bfs (exp)		ss-bfs (exp)
33		2			2
34		35			----zero_info----
35		178			179.44
36		1324			1354.21
37		7264			7332.88
38		48741			43003.2
39		282423			210542
40		1.88027e+06			2.06861e+06
41		1.15131e+07			1.96913e+07

probBLOCKS-5-1.pddl
bound		ida*-bfs (exp)		ss-bfs (exp)
7		2			2
8		4			4
9		14			14
10		55			45.25

probBLOCKS-11-2.pddl
bound		ida*-bfs (exp)		ss-bfs (exp)
19		1			1
20		3			3
21		8			8.22
22		20			19.86
23		56			54.72
24		150			140.88
25		476			452.26
26		1402			1375.4
27		5059			5483.2
28		16498			15224.2
29		68569			55671.9
30		248004			188845
31		1.18976e+06			1.20253e+06
32		4.71755e+06			4.98254e+06
33		2.52968e+07			3.43582e+07

probBLOCKS-12-1.pddl
bound		ida*-bfs (exp)		ss-bfs (exp)
22		1			1
23		3			3
24		9			9
25		21			20.94
26		66			62.1
27		160			151.38
28		569			615.54
29		1470			1663.44
30		6079			8221.86
31		16976			14551.1
32		82805			49430.7
33		255693			358806
34		1.49834e+06			1.29663e+06

probBLOCKS-15-1.pddl
bound		ida*-bfs (exp)		ss-bfs (exp)
28		1			1
29		3			3
30		9			9
31		23			22.5
32		71			69.48
33		191			197.46
34		649			622.08
35		1873			1890.3
36		6940			8099.52
37		21302			18617.7
38		84257			88870.4
39		273069			237326
40		1.13106e+06			833113
41		3.87163e+06			5.10086e+06
42		1.6583e+07			1.12133e+07

probBLOCKS-7-1.pddl
bound		ida*-bfs (exp)		ss-bfs (exp)
12		1			1
13		3			3
14		8			7.84
15		21			21.32
16		60			54.84
17		157			154.68
18		564			585.56
19		1511			1529.04
20		7540			9164.56
21		21140			22085.3
22		131794			160839

probBLOCKS-8-1.pddl
bound		ida*-bfs (exp)		ss-bfs (exp)
13		2			2
14		9			9.23
15		42			41.77
16		182			175.31
17		815			741.15
18		3440			3196.84
19		17354			12324.5
20		71950			61865.8

probBLOCKS-6-2.pddl
bound		ida*-bfs (exp)		ss-bfs (exp)
11		1			1
12		2			2
13		4			4
14		9			8.44
15		17			16.94
16		52			52.38
17		106			107.16
18		415			540.64
19		987			1185.64
20		4387			4492.98

probBLOCKS-14-0.pddl
bound		ida*-bfs (exp)		ss-bfs (exp)
25		1			1
26		4			4
27		12			12.07
28		41			40.51
29		128			121.93
30		499			441.67
31		1670			1898.98
32		8218			4868.2
33		30024			32125.6
34		178172			181321
35		775833			981501
36		4.81924e+06			3.59692e+06
37		2.61816e+07			1.82332e+07

probBLOCKS-10-0.pddl
bound		ida*-bfs (exp)		ss-bfs (exp)
18		2			2
19		4			4
20		13			12.72
21		27			27.92
22		84			84.4
23		194			187.4
24		661			554.24
25		1692			1735.42
26		6258			7404.92
27		17636			20855.5
28		69087			92767.2
29		214261			133195
30		881949			870418
31		3.01722e+06			1.8056e+06
32		1.31407e+07			2.57325e+07
33		4.9715e+07			4.17811e+07

probBLOCKS-4-0.pddl
bound		ida*-bfs (exp)		ss-bfs (exp)
6		10			9.85

probBLOCKS-7-0.pddl
bound		ida*-bfs (exp)		ss-bfs (exp)
13		1			1
14		3			3
15		5			5
16		12			12
17		21			21.15
18		58			58.39
19		124			104.26
20		448			401.18

probBLOCKS-16-1.pddl
bound		ida*-bfs (exp)		ss-bfs (exp)
31		1			1
32		7			7.15
33		22			23.56
34		115			116.74
35		374			376.51
36		1902			1798.03
37		6670			7671.82
38		33931			35380.5
39		129449			123393
40		667239			786652
41		2.76616e+06			3.21983e+06
42		1.46235e+07			1.04628e+07

probBLOCKS-10-2.pddl
bound		ida*-bfs (exp)		ss-bfs (exp)
19		1			1
20		3			3
21		8			7.88
22		18			18.4
23		48			46.3
24		113			112.62
25		358			382.36
26		925			946.24
27		3526			4002.24
28		10408			11094.6
29		46288			40954.7
30		164148			98702.5
31		816718			571516
32		3.54162e+06			2.23359e+06
33		1.87863e+07			3.94451e+06
34		9.56621e+07			1.52932e+08

probBLOCKS-14-1.pddl
bound		ida*-bfs (exp)		ss-bfs (exp)
27		2			2
28		18			21.4
29		118			121.12
30		765			579.35
31		4697			4469.78
32		31357			31645.9
33		187062			216494
34		1.32131e+06			1.36358e+06
35		7.86661e+06			7.63316e+06

probBLOCKS-6-1.pddl
bound		ida*-bfs (exp)		ss-bfs (exp)
10		19			14.8

probBLOCKS-11-1.pddl
bound		ida*-bfs (exp)		ss-bfs (exp)
20		4			4
21		9			9
22		55			54.91
23		186			183.58
24		1022			927.34
25		4085			4039.86
26		22066			24612.7
27		102342			109379
28		564763			708922
29		2.9654e+06			3.02316e+06
30		1.72183e+07			1.43762e+07

probBLOCKS-10-1.pddl
bound		ida*-bfs (exp)		ss-bfs (exp)
19		1			1
20		3			3
21		11			11.52
22		25			25.02
23		92			92.52
24		226			219.54
25		900			922.74
26		2500			2717.88
27		10761			11094.4
28		33774			35503.9
29		155907			231663
30		550969			470773
31		2.71071e+06			2.39411e+06
32		1.09385e+07			8.72879e+06

probBLOCKS-9-0.pddl
bound		ida*-bfs (exp)		ss-bfs (exp)
16		1			1
17		3			3
18		8			7.88
19		18			16.98
20		49			48.14
21		114			115.96
22		366			320.56
23		908			1066.34
24		3334			4122.22
25		8822			8303.62
26		34813			30109.7
27		99120			116248
28		401347			252662
29		1.24814e+06			1.64214e+06
30		5.07967e+06			5.33793e+06

probBLOCKS-9-1.pddl
bound		ida*-bfs (exp)		ss-bfs (exp)
16		1			1
17		2			2
18		3			3
19		6			6
20		9			9
21		20			20.15
22		33			33.25
23		88			89.98
24		167			163.49
25		536			502.74
26		1222			997.58
27		4562			4222.24
28		14228			19739.4

Files that contains zero_info:	2
probBLOCKS-16-2.pddl
probBLOCKS-17-0.pddl
