	Report:		ida*-bfs-vs-ss-bfs - using ipdb heuristic - 5000 probes.

parking-opt11-strips

pfile08-029.pddl
bound		ida*-bfs (exp)		ss-bfs (exp)
21		2			2
22		41			40.8334
23		1072			1070.01
24		27106			27084.6
25		678209			678028
26		1.67729e+07			1.65949e+07

pfile05-018.pddl
bound		ida*-bfs (exp)		ss-bfs (exp)
14		2			2
15		44			42.8736
16		999			1006.34
17		21077			20814.4
18		416444			408913
19		7.95364e+06			7.87853e+06
20		1.47668e+08			1.46504e+08

pfile07-027.pddl
bound		ida*-bfs (exp)		ss-bfs (exp)
20		2			2
21		57			57.784
22		1289			1317.38
23		28848			29393.3
24		637863			655275
25		1.40456e+07			1.44735e+07

pfile06-023.pddl
bound		ida*-bfs (exp)		ss-bfs (exp)
16		1			1
17		21			20.9232
18		462			470.95
19		10437			10692.5
20		227587			229249
21		4.77978e+06			4.84336e+06
22		9.69391e+07			1.001e+08

pfile08-030.pddl
bound		ida*-bfs (exp)		ss-bfs (exp)
22		3			3
23		113			115.385
24		3367			3500.42
25		92930			96196.5
26		2.46554e+06			2.57713e+06
27		6.38168e+07			6.63452e+07

pfile07-028.pddl
bound		ida*-bfs (exp)		ss-bfs (exp)
20		1			1
21		28			27.4
22		681			670.504
23		16387			16069.9
24		388237			387417
25		9.07834e+06			8.99348e+06

pfile05-019.pddl
bound		ida*-bfs (exp)		ss-bfs (exp)
16		1			1
17		15			15.0304
18		305			303.952
19		5989			6010.43
20		113023			118611
21		2.097e+06			2.12011e+06
22		3.81276e+07			3.90824e+07
23		6.82969e+08			6.88889e+08

pfile06-021.pddl
bound		ida*-bfs (exp)		ss-bfs (exp)
17		3			3
18		86			85.7112
19		2517			2550.55
20		64194			64967.5
21		1.53716e+06			1.53508e+06
22		3.47298e+07			3.45943e+07
23		7.52034e+08			7.65605e+08

pfile03-011.pddl
bound		ida*-bfs (exp)		ss-bfs (exp)
8		1			1
9		9			9.001
10		88			86.7398
11		824			814.102
12		7675			7665.33
13		73959			72746.6
14		705194			701173

pfile07-026.pddl
bound		ida*-bfs (exp)		ss-bfs (exp)
19		3			3
20		112			113.407
21		3782			3770.85
22		112709			118334
23		3.08247e+06			3.21288e+06
24		7.96148e+07			8.08435e+07

pfile05-017.pddl
bound		ida*-bfs (exp)		ss-bfs (exp)
15		2			2
16		33			32.9774
17		750			749.426
18		15945			15819
19		317705			317090
20		6.0744e+06			6.01696e+06
21		1.11936e+08			1.11868e+08

pfile03-012.pddl
bound		ida*-bfs (exp)		ss-bfs (exp)
12		1			1
13		10			10.0348
14		181			176.512
15		2790			2755.57
16		40452			40261.7
17		559487			554967
18		7.42186e+06			7.30247e+06
19		9.59479e+07			9.4182e+07
20		1.21158e+09			1.23435e+09

pfile06-024.pddl
bound		ida*-bfs (exp)		ss-bfs (exp)
17		1			1
18		40			39.128
19		1327			1348.57
20		36497			36352.4
21		882357			896607
22		1.94712e+07			1.96899e+07
23		4.04024e+08			3.98162e+08

pfile06-022.pddl
bound		ida*-bfs (exp)		ss-bfs (exp)
18		1			1
19		30			30.3004
20		727			741.783
21		17354			17821
22		391954			397046
23		8.54093e+06			8.68484e+06
24		1.8079e+08			1.84689e+08

pfile04-014.pddl
bound		ida*-bfs (exp)		ss-bfs (exp)
13		1			1
14		17			16.5868
15		251			252.662
16		3781			3663.79
17		52616			50159.3
18		725676			714973
19		9.75315e+06			9.44781e+06
20		1.30162e+08			1.26875e+08
21		1.72073e+09			1.6186e+09

pfile05-020.pddl
bound		ida*-bfs (exp)		ss-bfs (exp)
16		5			5
17		110			110.402
18		1932			1944.96
19		32232			33072.5
20		529617			537039
21		8.63305e+06			8.69194e+06
22		1.40374e+08			1.41996e+08

pfile04-015.pddl
bound		ida*-bfs (exp)		ss-bfs (exp)
13		2			2
14		30			30.3406
15		554			558.434
16		9398			9415.46
17		155074			158679
18		2.46534e+06			2.4286e+06
19		3.85537e+07			4.01711e+07

pfile07-025.pddl
bound		ida*-bfs (exp)		ss-bfs (exp)
20		1			1
21		29			28.932
22		1152			1100.3
23		35657			34683.9
24		1.01507e+06			973254
25		2.70094e+07			2.67004e+07

pfile04-013.pddl
bound		ida*-bfs (exp)		ss-bfs (exp)
14		1			1
15		18			18.2816
16		323			325.926
17		5183			5261.84
18		83069			85724.8
19		1.2925e+06			1.29613e+06
20		1.98186e+07			2.05856e+07

pfile04-016.pddl
bound		ida*-bfs (exp)		ss-bfs (exp)
12		2			2
13		33			32.7072
14		567			569.978
15		8713			8823.21
16		126199			125732
17		1.77248e+06			1.78039e+06
18		2.42049e+07			2.42901e+07
19		3.26594e+08			3.22939e+08
