	Report:		ida*-bfs-vs-ss-bfs - using ipdb heuristic - 5000 probes.

transport-opt08-strips

p14.pddl
bound		ida*-bfs (exp)		ss-bfs (exp)
10		1			1
23		2			2
33		3			3
36		4			4.01
45		5			5.068
46		7			7.0822
48		9			9.086
49		11			11.0548
50		12			12.0712
56		13			13.0792
58		15			15.1336
59		20			20.0872
61		22			21.9568
62		28			27.28
63		31			31.2868
67		32			32.1424
69		36			35.6992
71		42			42.112
72		46			47.0068
74		51			51.7828
75		62			59.3584
76		69			71.0872
79		71			72.4096
80		76			77.4244
82		91			92.7736
83		93			96.2752
84		103			100.281
85		118			122.084
86		122			125.789
87		132			131.565
88		159			159.873
89		173			169.614
90		174			172.12
91		176			184.733
92		184			186.806
93		197			191.493
94		207			205.389
95		227			216.405
96		229			235.425
97		265			291.453
98		294			302.397
99		310			311.592
100		334			335.889
101		385			407.184
102		419			430.181
103		426			474.104
104		434			448.571
105		472			541.274
106		498			516.85
107		511			512.675
108		572			614.78
109		595			615.783
110		643			699.44
111		721			799.282
112		738			818.577
113		774			814.574
114		903			905.124
115		956			919.94
116		1000			998.409
117		1029			1060.5
118		1104			1238.83
119		1167			1250.05
120		1244			1223.74
121		1352			1247.53
122		1414			1371.44
123		1574			1535.88
124		1727			1764.65
125		1827			1889.8
126		1945			2039.59
127		2186			2310.58
128		2364			2333.95
129		2448			2516.82
130		2515			2536.2
131		2735			2667.41
132		2865			2794.38
133		3036			2926.29
134		3360			3004.06
135		3557			3335.8
136		3819			4035.92
137		4270			5239.48
138		4434			4160.93
139		4704			4553.64
140		5338			5248.2
141		5610			6939.25
142		5898			6916.64
143		6195			6220.65
144		6617			6503.42
145		6986			7843.94
146		7383			7096.85
147		7988			8375.62
148		8449			9703.58
149		9199			10436.1
150		10086			12556.9
151		10654			10692.3
152		11401			10667.9
153		12571			13038.8
154		13631			13069.2
155		14230			14600
156		14826			14815.1
157		15972			19204.9
158		16786			15485.6
159		17845			17313.5
160		19676			23324.7
161		20871			23877.5
162		22417			22638.4
163		24718			22458.3
164		25914			26963.5
165		27658			30398.3
166		30775			31757.6
167		32545			32806.2
168		34274			31307.2
169		36266			60115.2
170		38635			47011.5
171		41109			38709.1
172		43533			44022.7
173		47194			59927.4
174		50099			49923.2
175		54158			58738
176		59228			70738.6
177		63123			63072.1
178		67495			72178.6
179		73587			78867.3
180		78899			75324.4
181		82996			109009
182		87129			95299.5
183		94049			114034
184		99135			99769.4
185		105077			115553
186		115161			134923
187		121776			144959
188		131796			107364
189		144300			129333
190		152174			137551
191		161798			182662
192		177059			156928
193		187971			159273
194		199596			180914
195		211778			191490
196		226020			283633
197		240075			206861
198		255257			244188
199		277101			609260
200		296708			279947
201		320279			521804
202		350407			757047
203		373477			392892
204		410523			384101
205		445204			397473
206		527983			442997
207		554754			539572
208		789519			615880
209		829494			828359
210		1.69824e+06			1.68233e+06
211		1.74342e+06			1.81916e+06
212		5.14673e+06			4.61322e+06
213		5.21374e+06			1.00761e+07
214		1.86413e+07			1.82228e+07
215		1.88237e+07			1.37773e+07
216		7.23566e+07			2.92881e+07
217		7.29036e+07			3.87251e+07
218		2.86917e+08			2.57929e+08
219		2.8903e+08			1.54963e+08
220		1.14484e+09			3.56995e+08
221		1.15352e+09			3.50674e+08
222		4.57663e+09			8.65121e+09
223		4.61281e+09			3.41588e+09

p19.pddl
bound		ida*-bfs (exp)		ss-bfs (exp)
20		1			1
32		2			2
34		3			3
36		5			5
37		6			6
38		7			7
39		9			9
40		10			10
43		11			11
44		12			11.968
46		14			14.046
47		16			15.9592
48		23			22.78
49		32			31.6546
50		37			36.944
51		45			45.236
52		54			53.212
53		63			62.536
54		72			70.56
55		81			81.912
56		92			92.284
57		95			94.484
58		102			100.98
59		107			105.86
60		119			118.268
61		138			140.972
62		158			161.016
63		209			215.896
64		248			247.408
65		315			308.204
66		384			380.816
67		463			464.824
68		559			562.032
69		622			629.304
70		707			691.76
71		771			752.884
72		864			871.4
73		931			940.588
74		1000			1022.47
75		1137			1205.9
76		1295			1360.84
77		1573			1581.02
78		1834			1824.31
79		2160			2159.52
80		2607			2628.41
81		3107			3178.62
82		3783			3881.16
83		4461			4440.58
84		5212			5475.79
85		5968			6109.53
86		6669			6741.28
87		7512			7364.75
88		8324			8439.66
89		9321			9137.61
90		10458			10730.9
91		11914			11246
92		13855			13647.3
93		16049			16139.5
94		18893			21007.2
95		22142			22809.6
96		26046			28140.3
97		30859			31756.5
98		35783			36452.1
99		42226			44663.6
100		48829			54112.4
101		56349			58342.3
102		63746			69737.8
103		71549			75465
104		81513			80290.5
105		92696			100953
106		106282			106394
107		122030			112449
108		140513			149411
109		163593			174766
110		188846			190753
111		220649			217374
112		256464			262995
113		298948			298450
114		347327			367382
115		399387			388338
116		463090			434034
117		530140			510543
118		606293			627075
119		694384			715066
120		794846			867450
121		917746			967387
122		1.04874e+06			1.05129e+06
123		1.2115e+06			1.19509e+06
124		1.40007e+06			1.29354e+06
125		1.62135e+06			2.05132e+06
126		1.87158e+06			1.73159e+06
127		2.15276e+06			2.084e+06
128		2.50076e+06			2.88973e+06
129		2.89454e+06			3.41032e+06
130		3.33813e+06			3.56876e+06
131		3.8487e+06			4.18268e+06
132		4.41815e+06			4.11669e+06
133		5.09968e+06			6.201e+06
134		5.83848e+06			5.66623e+06
135		6.72162e+06			5.9899e+06
136		7.7374e+06			8.08403e+06
137		8.91522e+06			8.05189e+06
138		1.02793e+07			1.03076e+07
139		1.18452e+07			1.25686e+07
140		1.36936e+07			1.33313e+07
141		1.58137e+07			1.94683e+07
142		1.82168e+07			1.45455e+07
143		2.10458e+07			2.08826e+07
144		2.42645e+07			2.71471e+07
145		2.80335e+07			2.49077e+07
146		3.22096e+07			3.39797e+07
147		3.70779e+07			3.30127e+07
148		4.27767e+07			4.75195e+07
149		4.92467e+07			5.66305e+07
150		5.6668e+07			4.72387e+07
151		6.51463e+07			5.46337e+07
152		7.51718e+07			6.89867e+07
153		8.68192e+07			8.01037e+07
154		9.99427e+07			1.06897e+08
155		1.15307e+08			1.07464e+08
156		1.3288e+08			1.45158e+08
157		1.53517e+08			1.39075e+08
158		1.76859e+08			8.95709e+08
159		2.0377e+08			2.00187e+08
160		2.35103e+08			1.94682e+08
161		2.7088e+08			3.38704e+08
162		3.121e+08			3.90471e+08
163		3.59523e+08			3.66673e+08
164		4.14166e+08			4.66979e+08
165		4.77656e+08			5.28526e+08
166		5.49744e+08			5.28792e+08
167		6.34275e+08			6.32913e+08
168		7.30786e+08			8.33875e+08
169		8.43052e+08			7.63407e+08
170		9.7124e+08			1.00256e+09

p29.pddl
bound		ida*-bfs (exp)		ss-bfs (exp)
20		1			1
22		7			7
24		31			31
26		127			127
28		511			511
30		2047			2047
32		8192			8192
34		32776			32776
36		131128			131128
38		524588			524592
40		2.09862e+06			2.09862e+06
41		2.09863e+06			2.09863e+06
42		8.39556e+06			8.39555e+06
43		8.39557e+06			8.3955e+06
44		3.35864e+07			3.37143e+07
45		3.35865e+07			3.31561e+07
46		1.34362e+08			1.35117e+08
47		1.34363e+08			1.32189e+08
48		5.37517e+08			5.24078e+08
49		5.3752e+08			5.47551e+08
50		2.15034e+09			2.03531e+09

p18.pddl
bound		ida*-bfs (exp)		ss-bfs (exp)
18		1			1
33		2			2
34		3			3
36		4			4
41		5			5
42		7			7
43		9			9
46		10			10
47		11			10.999
48		15			14.9632
49		17			16.7776
50		19			19.1246
51		22			21.8442
52		26			26.4128
54		28			28.1236
55		30			30.1172
57		37			37.0108
58		44			43.8176
59		50			50.0728
60		55			55.208
61		59			58.7052
62		66			66.5116
63		77			77.5828
64		91			88.542
65		104			103.253
66		127			127.319
67		146			147.499
68		161			160.088
69		171			170.411
70		195			191.296
71		213			216.418
72		241			242.732
73		282			270.864
74		310			322.574
75		351			368.007
76		391			392.703
77		433			425.998
78		499			506.389
79		561			570.747
80		657			678.667
81		767			793.019
82		891			901.474
83		991			985.287
84		1120			1112.12
85		1247			1214.4
86		1401			1449.61
87		1596			1655.84
88		1806			1808.96
89		2009			2048.19
90		2224			2329.4
91		2530			2637.28
92		2844			2909.02
93		3226			3324.71
94		3681			3837.35
95		4165			4195.77
96		4824			4974.48
97		5534			5839.39
98		6381			6526.62
99		7333			7371.26
100		8344			9092.19
101		9330			10151.9
102		10690			10637.5
103		12130			12767.6
104		13659			13804.2
105		15516			16694.7
106		17399			18022.8
107		19612			20793.1
108		22080			22461.3
109		25120			23874.1
110		28607			30705.7
111		32538			33711
112		37143			37068.8
113		42089			37614.8
114		48266			45744
115		55330			56326.8
116		63480			63433.2
117		72542			78316.7
118		82652			79622
119		93531			99555.4
120		106386			105922
121		121039			115708
122		137254			142824
123		156170			157422
124		177350			183799
125		201270			191195
126		228918			244116
127		259927			262292
128		295632			291774
129		336579			376867
130		385544			356480
131		441299			428162
132		505527			554383
133		576562			602983
134		656300			602876
135		747127			740019
136		852853			910162
137		974499			1.12639e+06
138		1.11099e+06			1.09111e+06
139		1.26758e+06			1.07334e+06
140		1.44099e+06			1.41101e+06
141		1.6403e+06			1.64637e+06
142		1.86763e+06			1.87687e+06
143		2.12765e+06			1.90759e+06
144		2.43172e+06			2.87789e+06
145		2.7752e+06			2.66457e+06
146		3.16948e+06			3.41416e+06
147		3.62018e+06			3.43314e+06
148		4.13546e+06			4.58451e+06
149		4.71671e+06			4.75443e+06
150		5.38836e+06			5.59816e+06
151		6.15893e+06			5.61264e+06
152		7.03912e+06			7.3242e+06
153		8.0421e+06			7.83575e+06
154		9.18597e+06			9.01817e+06
155		1.04875e+07			1.01623e+07
156		1.19628e+07			1.28234e+07
157		1.36459e+07			1.44308e+07
158		1.55891e+07			1.70491e+07
159		1.78147e+07			1.85592e+07
160		2.037e+07			2.06803e+07
161		2.3265e+07			2.3883e+07
162		2.65859e+07			2.29458e+07
163		3.03577e+07			4.45194e+07
164		3.4692e+07			3.84842e+07
165		3.9674e+07			4.44441e+07
166		4.53981e+07			4.67314e+07
167		5.19282e+07			4.58355e+07
168		5.93762e+07			5.57499e+07
169		6.79052e+07			7.06423e+07
170		7.75757e+07			7.115e+07
171		8.86846e+07			8.85616e+07
172		1.01408e+08			1.03317e+08
173		1.16037e+08			1.15829e+08
174		1.32758e+08			1.31144e+08
175		1.51876e+08			1.37188e+08
176		1.7373e+08			2.08364e+08
177		1.98586e+08			1.89772e+08
178		2.2713e+08			2.33421e+08
179		2.59858e+08			2.77859e+08
180		2.97521e+08			3.15787e+08
181		3.40602e+08			3.67623e+08
182		3.89918e+08			5.0294e+08
183		4.46213e+08			3.89473e+08
184		5.10576e+08			5.12014e+08
185		5.84153e+08			5.2833e+08
186		6.68719e+08			7.88491e+08
187		7.65802e+08			6.93485e+08
188		8.77124e+08			1.27461e+09
189		1.00434e+09			1.03948e+09

p15.pddl
bound		ida*-bfs (exp)		ss-bfs (exp)
12		1			1
36		2			2
37		4			4
57		5			5.0044
60		6			5.9752
61		10			9.9412
62		14			13.9468
65		15			14.9872
71		16			15.919
73		17			16.6408
75		18			17.6668
78		19			18.7444
79		20			19.7344
81		21			21.2752
82		25			24.868
84		27			26.704
85		37			37.066
86		51			51.076
87		59			58.4872
90		64			62.4316
92		66			65.5444
93		68			67.906
94		70			68.2444
95		71			68.23
96		77			74.992
97		78			74.8984
98		82			80.3476
99		86			84.166
100		93			90.9268
101		94			93.4408
102		99			96.0304
103		111			107.843
104		117			115.137
105		120			114.786
106		138			134.694
107		157			155.368
108		163			154.347
109		190			179.334
110		230			225.086
111		273			262.084
112		291			284.9
113		299			296.098
114		315			307.887
115		341			334.222
116		344			343.364
117		360			353.94
118		380			369.372
119		394			391.385
120		422			404.921
121		459			452.59
122		486			472.164
123		508			497.778
124		556			528.837
125		591			578.946
126		609			596.968
127		682			664.91
128		775			744.287
129		813			764.346
130		882			817.869
131		959			907.458
132		1050			1014.44
133		1151			1035.81
134		1324			1307.31
135		1552			1456.23
136		1705			1614.32
137		1781			1792.02
138		1870			1920.26
139		1980			1897.12
140		2100			2058.5
141		2246			2085.46
142		2403			2295.43
143		2619			2526.52
144		2768			2575.68
145		2979			3065.19
146		3214			3266.42
147		3380			3269.88
148		3686			3722.96
149		4066			4229.75
150		4310			4292.56
151		4695			4930.58
152		5219			5299.07
153		5710			5379.48
154		6144			6304.81
155		6692			6282.96
156		7474			6968.39
157		8251			7133.74
158		9048			8682.85
159		10054			9900.34
160		11037			11330.2
161		11796			10718.8
162		12743			11799.9
163		13823			14282.4
164		14942			14598.1
165		15921			14302.8
166		17035			15808.2
167		18406			18356.8
168		19732			19209.2
169		21419			19754.3
170		23615			22676.9
171		25479			24221.7
172		27837			26918.2
173		30418			32592.4
174		32729			30802.3
175		35347			34285.3
176		38949			40256.9
177		43511			45457.2
178		47865			43535.8
179		51745			55184.3
180		56350			55383.9
181		61706			61836.2
182		67089			63919.1
183		74178			72914.8
184		81870			80160.9
185		90304			80871.6
186		97718			88552
187		105568			93091.3
188		113696			114769
189		121737			115046
190		132405			131048
191		148026			137596
192		161480			164062
193		176119			165828
194		191297			175052
195		207105			204082
196		224688			214843
197		246328			247956
198		270583			254786
199		297958			277989
200		327370			318025
201		360220			402817
202		392558			370830
203		423481			384888
204		463297			389833
205		514616			421635
206		571850			448940
207		627029			558695
208		684181			652386
209		747976			745647
210		812327			930023
211		885425			749899
212		975581			796105
213		1.07062e+06			809783
214		1.17322e+06			1.18492e+06
215		1.28798e+06			1.07106e+06
216		1.39622e+06			1.30199e+06
217		1.51415e+06			1.44083e+06
218		1.65862e+06			1.65176e+06
219		1.8437e+06			1.53961e+06
220		2.03604e+06			1.97282e+06
221		2.2376e+06			2.04835e+06
222		2.44328e+06			1.83818e+06
223		2.68445e+06			2.05068e+06
224		2.93103e+06			2.64663e+06
225		3.22763e+06			3.17779e+06
226		3.5483e+06			2.68914e+06
227		3.93116e+06			4.54237e+06
228		4.33374e+06			3.44662e+06
229		4.77796e+06			5.05913e+06
230		5.21666e+06			5.44654e+06
231		5.67751e+06			4.81299e+06
232		6.19258e+06			6.08722e+06
233		6.88868e+06			8.88148e+06
234		7.63313e+06			6.51535e+06
235		8.39344e+06			7.2074e+06
236		9.19566e+06			7.67468e+06
237		1.00466e+07			6.97814e+06
238		1.09866e+07			9.28638e+06
239		1.20603e+07			1.37962e+07
240		1.3386e+07			1.16998e+07
241		1.48598e+07			1.01221e+07
242		1.6753e+07			1.55188e+07
243		1.8564e+07			1.42519e+07
244		2.14735e+07			1.61377e+07
245		2.38235e+07			1.93728e+07
246		3.07309e+07			2.47014e+07
247		3.5701e+07			4.89729e+07
248		5.78554e+07			2.69097e+07
249		7.04828e+07			5.42536e+07
250		1.50687e+08			8.23577e+07
251		1.92598e+08			2.37642e+08
252		5.04547e+08			3.16646e+08
253		6.62211e+08			2.41583e+08
254		1.90007e+09			2.51648e+09
255		2.51987e+09			6.70978e+09
256		7.45905e+09			9.63752e+09

p25.pddl
bound		ida*-bfs (exp)		ss-bfs (exp)
422		26			25.9936
424		330			330.099
425		346			343.942
426		3575			3608.31
427		3866			3885.97
428		36477			35467
429		40111			38940
430		365761			360745
431		405618			396457
432		3.65268e+06			3.53118e+06
433		4.06804e+06			4.0219e+06
434		3.63893e+07			3.56668e+07
435		4.06226e+07			3.91815e+07
436		3.61145e+08			3.47512e+08
437		4.03782e+08			4.06303e+08
438		3.56588e+09			3.42939e+09
439		3.99168e+09			3.84011e+09

p12.pddl
bound		ida*-bfs (exp)		ss-bfs (exp)
6		1			1
45		3			3
53		5			5
68		7			6.9728
70		9			9
76		11			10.988
80		13			13
84		17			17.0256
85		19			19.1584
87		21			21.1008
91		23			23.0496
92		27			27.3344
97		29			29.0224
99		31			31.1344
100		35			35.148
102		37			37.22
104		39			39.54
105		41			40.896
107		47			47.924
109		53			53.252
110		55			55.484
111		57			56.528
114		61			60.34
115		79			78.972
116		81			81.708
117		87			87.384
119		95			95.56
120		99			100.272
121		101			99.012
122		103			102.648
123		117			117.548
124		125			127.624
125		127			129.28
126		137			134.884
127		143			145.276
128		147			149.184
130		163			166.264
131		175			176.148
132		195			194.94
133		199			199.3
134		215			217.012
136		225			224.192
137		227			231.776
138		259			267.296
139		269			268.236
140		283			281.052
141		293			297.868
142		305			307.56
143		321			323.336
144		355			347.892
145		363			353.612
146		395			393.548
147		423			420.016
148		443			443.736
149		509			505.836
150		535			529.96
151		571			564.696
152		579			568.016
153		621			624.376
154		675			678.736
155		733			722.524
156		737			727.032
157		771			776.844
158		805			794.436
159		871			868.86
160		893			898.824
161		1011			1019.52
162		1079			1057.3
163		1131			1147.23
164		1209			1215.51
165		1267			1314.48
166		1387			1328.7
167		1475			1489.36
168		1541			1514.4
169		1627			1634.51
170		1723			1749.2
171		1747			1782.23
172		1895			1951.44
173		1959			1945.06
174		2045			2112.65
175		2147			2190.98
176		2311			2289.08
177		2447			2456.3
178		2721			2778.59
179		2853			2814.96
180		3021			3064.6
181		3189			3216.74
182		3365			3478.23
183		3671			3741.42
184		4009			4072.88
185		4321			4182.52
186		4461			4401.7
187		4657			4590.62
188		4849			4799.57
189		5221			5193.62
190		5623			5734.27
191		5813			5684.68
192		6133			6048.72
193		6709			6291.87
194		7049			7029.1
195		7845			7497.18
196		8263			7871.88
197		8609			8536.67
198		9165			9015.99
199		9673			9242.98
200		10489			10530.8
201		11343			11325.2
202		11857			11529
203		12329			12250.1
204		12903			12624.1
205		13585			13468.9
206		14453			13733
207		15545			13857.6
208		16403			16145.6
209		17405			16772
210		18675			19685.7
211		19589			19655.8
212		21291			20984
213		22743			22186.3
214		24009			23682.3
215		25303			24819.5
216		26793			25221.1
217		28391			27848.1
218		30743			28703.2
219		33005			33915.1
220		34191			35397.3
221		35831			35729.6
222		37869			38070
223		40329			37777.2
224		44735			43727.9
225		46953			46392.4
226		49437			47764.2
227		52751			53605
228		55723			56861.4
229		61413			54221.5
230		65501			66638.7
231		68693			68609.2
232		72419			76856.4
233		76391			73849.4
234		81683			83564.6
235		87319			83577.3
236		93445			105878
237		97705			102028
238		102385			105199
239		109931			107313
240		116323			126955
241		126799			119312
242		134085			134782
243		141525			137012
244		150951			148487
245		159331			169988
246		170679			168370
247		183889			182879
248		193805			189314
249		203409			180410
250		214129			228257
251		227199			246013
252		243475			230861
253		264475			266800
254		277185			272926
255		292721			279261
256		311201			312316
257		329269			355424
258		362145			357707
259		385175			359937
260		409069			418188
261		431587			407593
262		457441			418823
263		493945			427298
264		530977			490650
265		562809			525449
266		590755			562974
267		621295			622276
268		668797			662588
269		710811			685792
270		777413			726955
271		818081			771061
272		862963			854040
273		924025			940212
274		981777			955552
275		1.0713e+06			975838
276		1.15353e+06			1.17512e+06
277		1.22087e+06			1.14434e+06
278		1.35686e+06			1.19659e+06
279		1.43614e+06			1.36936e+06
280		2.01952e+06			1.70625e+06
281		2.13329e+06			2.52458e+06
282		6.39508e+06			7.25802e+06
283		6.4986e+06			2.77176e+06
284		4.26716e+07			5.9278e+07
285		4.28189e+07			3.81094e+07
286		3.59229e+08			2.07777e+08
287		3.59441e+08			3.26801e+08
288		3.15149e+09			2.88538e+09
289		3.15167e+09			4.53805e+09
290		2.79128e+10			3.61346e+10

p13.pddl
bound		ida*-bfs (exp)		ss-bfs (exp)
8		1			1
32		3			3
38		4			4
49		6			6
50		9			9.036
55		10			10.0384
56		15			14.7792
62		17			16.7776
64		19			18.4304
67		20			19.4272
68		22			21.8032
73		28			27.2736
74		38			37.5856
79		44			44.6624
80		60			59.7376
81		62			61.0864
82		63			62.9776
85		64			63.9056
86		69			67.6144
87		70			68.5264
88		79			78.9072
90		83			79.8272
91		95			92.3216
92		114			113.781
93		115			116.131
94		118			118.856
96		122			121.382
97		149			149.35
98		181			181.13
100		183			179.515
102		184			180.168
103		201			199.331
104		242			238.002
105		257			251.696
106		275			271.045
108		278			273.55
109		306			300.896
110		338			347.109
111		349			341.482
112		389			378.642
113		390			379.36
114		410			409.482
115		461			463.229
116		530			519.784
117		536			535.168
118		542			544.69
119		543			536.728
120		576			562.643
121		673			667.17
122		794			754.178
123		819			806.469
124		865			833.048
125		866			825.992
126		883			909.139
127		992			990.064
128		1138			1110.43
129		1209			1207.37
130		1293			1267.73
131		1303			1237.23
132		1341			1332.54
133		1478			1452.76
134		1629			1603.97
135		1681			1621.84
136		1814			1797.14
137		1844			1810.57
138		1966			1861.58
139		2211			2367.24
140		2514			2512.5
141		2577			2682.63
142		2688			2625.03
143		2714			2736.58
144		2880			2876.2
145		3330			3473.52
146		3732			3660.39
147		3871			3791.83
148		4119			3967.69
149		4146			4181.5
150		4266			4165.13
151		4732			4747.07
152		5344			5240.41
153		5677			5519.08
154		6039			6057.87
155		6136			6121.48
156		6426			6011.19
157		7104			6591.74
158		7810			8150.36
159		8137			8332.54
160		8804			8401.74
161		9029			8584.62
162		9622			8706.57
163		10837			10945.5
164		11936			11657.5
165		12444			13189.4
166		13043			13357.3
167		13248			13114.5
168		14068			14023.3
169		15934			14323.8
170		17759			16082.4
171		18578			18132.8
172		19771			19771.9
173		20253			19397.7
174		21139			21734.7
175		23545			22974.8
176		26118			25022.8
177		28676			28620.9
178		30599			28498
179		34416			38322.2
180		36071			33580.1
181		52179			42746.4
182		55181			51989.2
183		106337			107901
184		109129			115404
185		307428			386992
186		310265			197349
187		1.10254e+06			941800
188		1.10766e+06			480705
189		4.25675e+06			2.60009e+06
190		4.26001e+06			3.56612e+06
191		1.68456e+07			8.44854e+06
192		1.68497e+07			1.50699e+07
193		6.71909e+07			4.57457e+07
194		6.71988e+07			8.3021e+07
195		2.68532e+08			1.53819e+08
196		2.68538e+08			1.93204e+08
197		1.07385e+09			1.64096e+08
198		1.07386e+09			2.78034e+09
199		4.2951e+09			2.27302e+09
200		4.29511e+09			6.49534e+08

p30.pddl
bound		ida*-bfs (exp)		ss-bfs (exp)
22		1			1
39		2			2
40		3			3
41		6			6.0916
42		7			7.0336
43		9			----zero_info----
45		11			11.384
47		13			13.2432
49		15			15.352
50		16			16.28
51		18			18.336
52		24			24.66
53		26			25.67
54		53			54.8552
55		57			57.168
56		157			162.758
57		162			161.776
58		553			579.857
59		562			610.066
60		2110			2355.2
61		2131			2228.29
62		8291			9235.56
63		8319			8430.47
64		32914			33881.3
65		32966			33845.4
66		131292			125968
67		131424			140079
68		524671			510185
69		525132			528305
70		2.09806e+06			2.15465e+06
71		2.09999e+06			2.08566e+06
72		8.39168e+06			8.94529e+06
73		8.40099e+06			9.19447e+06
74		3.35679e+07			3.36892e+07
75		3.36199e+07			3.72304e+07
76		1.34288e+08			1.2884e+08
77		1.34629e+08			1.53984e+08
78		5.37305e+08			5.82544e+08
79		5.39853e+08			5.78222e+08
80		2.15057e+09			2.15284e+09

p07.pddl
bound		ida*-bfs (exp)		ss-bfs (exp)
16		1			1
18		3			3
20		5			5
22		7			7
24		9			9
26		11			11
28		13			13
30		15			15
31		16			16
32		19			19
33		25			25.0208
34		33			33.068
35		53			52.7032
36		71			70.648
37		143			148.609
38		195			196.074
39		469			463.623
40		644			644.229
41		1697			1657.25
42		2324			2253.01
43		6463			6763.4
44		8843			9438.7
45		25285			22282.5
46		34606			31537.3
47		100219			89661.2
48		137227			130441
49		399495			453037
50		547180			570692
51		1.59606e+06			1.53675e+06
52		2.18641e+06			2.07684e+06
53		6.38196e+06			5.66549e+06
54		8.743e+06			9.05552e+06
55		2.55269e+07			2.23226e+07
56		3.49713e+07			3.09826e+07
57		1.02121e+08			1.1778e+08
58		1.39901e+08			1.24629e+08
59		4.08605e+08			3.78465e+08
60		5.59741e+08			5.13597e+08

p05.pddl
bound		ida*-bfs (exp)		ss-bfs (exp)
28		4			4
30		10			10
32		18			18
34		28			28
36		40			40
38		54			54
40		70			70
42		118			117.687
43		129			128.567
44		358			361.122
45		397			394.945
46		1573			1518.35
47		1675			1704.06
48		7492			7428.16
49		7727			7558.64
50		35495			34335.5
51		36004			34649.3
52		165259			163613
53		166322			160528
54		756569			740452
55		758747			705554
56		3.41378e+06			3.27951e+06
57		3.41821e+06			3.30949e+06
58		1.52167e+07			1.55247e+07
59		1.52259e+07			1.45625e+07
60		6.71376e+07			6.67179e+07
61		6.71573e+07			6.42557e+07
62		2.93684e+08			2.95699e+08
63		2.93731e+08			2.82446e+08
64		1.27538e+09			1.21497e+09
65		1.27551e+09			1.15768e+09
66		5.50431e+09			4.95864e+09
67		5.50478e+09			6.05701e+09

p22.pddl
bound		ida*-bfs (exp)		ss-bfs (exp)
300		14			14.0136
302		100			99.8352
304		582			580.685
306		3080			3077.08
308		15370			15339.3
310		73740			73793.3
312		344078			344391
314		1.57288e+06			1.57035e+06
316		7.07791e+06			7.07822e+06
318		3.14573e+07			3.14365e+07
320		1.38412e+08			1.38172e+08
322		6.0398e+08			6.03724e+08
324		2.61725e+09			2.62074e+09
326		1.12743e+10			1.12632e+10

p01.pddl
bound		ida*-bfs (exp)		ss-bfs (exp)
54		15			15

p10.pddl
bound		ida*-bfs (exp)		ss-bfs (exp)
22		1			1
24		3			3
26		5			5
28		7			7
30		9			9
32		11			11
33		12			12
34		14			14
35		24			23.9764
36		26			25.9896
37		70			69.8576
38		72			73.3046
39		243			240.482
40		245			248.925
41		912			898.926
42		914			944.498
43		3556			3858.58
44		3560			3658.46
45		14081			13966.9
46		14102			14311.2
47		56074			58065.3
48		56218			59795.3
49		223945			231233
50		225005			246821
51		895845			1.10243e+06
52		903665			1.36969e+06
53		3.58807e+06			3.57739e+06
54		3.64726e+06			3.53923e+06
55		1.43954e+07			1.34944e+07
56		1.4864e+07			1.51215e+07
57		5.79481e+07			6.0571e+07
58		6.18213e+07			6.70755e+07

p04.pddl
bound		ida*-bfs (exp)		ss-bfs (exp)
118		10			10
120		43			43
122		173			173
124		688			688
126		2740			2740
128		10937			10937
130		43711			43711
132		174790			174790
134		699086			699086
136		2.79625e+06			2.79625e+06
137		2.79631e+06			2.79631e+06
138		1.1185e+07			1.11849e+07
139		1.11853e+07			1.11853e+07
140		4.47398e+07			4.47398e+07
141		4.47414e+07			4.47414e+07
142		1.7896e+08			1.7896e+08
143		1.78967e+08			1.78967e+08
144		7.1584e+08			7.1584e+08
145		7.15873e+08			7.15873e+08
146		2.86337e+09			2.86337e+09
147		2.86352e+09			2.86352e+09
148		1.14535e+10			1.14535e+10

p26.pddl
bound		ida*-bfs (exp)		ss-bfs (exp)
14		1			1
16		3			3
18		5			5
20		7			7
22		9			9
24		11			11
26		14			14
28		22			21.9792
30		44			44.03
32		116			116.941
34		382			390.138
36		1418			1431.67
38		5531			5533.73
40		21955			22056.5
42		87610			93839.9
44		350181			373932
46		1.40047e+06			1.54749e+06
48		5.602e+06			6.23806e+06
50		2.24099e+07			2.34875e+07
52		8.96496e+07			9.9711e+07
53		8.96496e+07			8.97448e+07
54		3.58641e+08			3.86072e+08
55		3.58641e+08			3.21554e+08
56		1.43474e+09			1.5045e+09
57		1.43474e+09			1.40973e+09

p06.pddl
bound		ida*-bfs (exp)		ss-bfs (exp)
14		1			1
16		3			3
18		5			5
20		7			7
22		9			9
24		11			11
26		14			14
28		21			21
29		22			21.9696
30		33			33.0608
31		36			36.1
32		52			51.646
33		58			57.552
34		82			81.5104
35		96			96.0304
36		129			128.411
37		172			171.976
38		219			217.978
39		373			382.726
40		451			441.792
41		1049			1065.98
42		1204			1221.13
43		3558			3536.81
44		3946			4014.91
45		13261			13780.1
46		14470			14972.1
47		51534			49183.3
48		55882			52868.3
49		203821			200005
50		220568			243760
51		811946			803685
52		878144			936719
53		3.24377e+06			3.26489e+06
54		3.50772e+06			3.69078e+06
55		1.29734e+07			1.13972e+07
56		1.40287e+07			1.42358e+07
57		5.1908e+07			5.08259e+07
58		5.61314e+07			5.34261e+07
59		2.07721e+08			2.83588e+08
60		2.24628e+08			2.27775e+08
61		8.31283e+08			8.24834e+08
62		8.9898e+08			9.63208e+08
63		3.32681e+09			3.01919e+09

p17.pddl
bound		ida*-bfs (exp)		ss-bfs (exp)
16		1			1
29		2			2
32		3			3
34		4			4
35		5			5
36		7			7
37		8			8
39		9			9
40		11			11
42		12			12.062
44		14			14.14
45		17			17.2318
48		22			22.2368
49		25			24.5404
50		29			29.3244
51		32			32.766
52		41			41.353
53		51			51.7616
54		55			55.9504
55		61			61.7424
56		73			72.4016
57		83			84.3472
58		94			94.9136
59		100			102.216
60		112			114.6
61		129			131.221
62		145			147.89
63		157			161.522
64		184			182.347
65		206			207.688
66		230			229.906
67		250			258.382
68		288			290.878
69		335			329.458
70		360			363.698
71		421			422.84
72		498			496.942
73		564			574.04
74		643			670.27
75		707			727.762
76		837			825.499
77		964			960.757
78		1085			1110.4
79		1173			1206.23
80		1347			1357.3
81		1521			1543.99
82		1699			1710.84
83		1877			1901.56
84		2148			2127.45
85		2500			2525.38
86		2763			2838.98
87		3059			2999.1
88		3552			3601.48
89		4063			4216.04
90		4713			4681.76
91		5178			5176.58
92		5897			6040.34
93		6665			6571.08
94		7574			7991.95
95		8476			8535.59
96		9604			9957.95
97		10992			11224.5
98		12416			12632.6
99		13740			13491.2
100		15595			15499.5
101		17831			19063.9
102		20324			21852.5
103		22769			23892.3
104		25975			26702.9
105		29108			28585.2
106		33074			36477.2
107		36899			35759.5
108		42164			44729.3
109		48067			52589
110		54409			57176.4
111		61018			60468.5
112		68906			72360.4
113		78381			76613.9
114		89274			84784.4
115		99909			106306
116		113961			112238
117		128920			131339
118		145799			147471
119		162446			164270
120		184798			176845
121		209747			212431
122		237804			231473
123		266804			260034
124		302380			312682
125		342747			344136
126		388168			380961
127		436553			389145
128		495934			427283
129		562908			571783
130		639585			619920
131		714035			725459
132		810683			757902
133		918405			1.03907e+06
134		1.04476e+06			1.10932e+06
135		1.17203e+06			1.07658e+06
136		1.32599e+06			1.35227e+06
137		1.50346e+06			1.63111e+06
138		1.70335e+06			1.78742e+06
139		1.91514e+06			1.98989e+06
140		2.16827e+06			1.91038e+06
141		2.45651e+06			2.54904e+06
142		2.79459e+06			2.8957e+06
143		3.13784e+06			2.82135e+06
144		3.54298e+06			3.30268e+06
145		3.9997e+06			3.88126e+06
146		4.55419e+06			5.17823e+06
147		5.12991e+06			5.15757e+06
148		5.8083e+06			6.01854e+06
149		6.56224e+06			6.23178e+06
150		7.4531e+06			6.63374e+06
151		8.39393e+06			7.41867e+06
152		9.48621e+06			1.10294e+07
153		1.07209e+07			9.6899e+06
154		1.21748e+07			1.26267e+07
155		1.37407e+07			1.38934e+07
156		1.55578e+07			1.5013e+07
157		1.75237e+07			1.78242e+07
158		1.98829e+07			2.18106e+07
159		2.24142e+07			2.36488e+07
160		2.54296e+07			3.26733e+07
161		2.87045e+07			3.03556e+07
162		3.25369e+07			3.04309e+07
163		3.66949e+07			3.52527e+07
164		4.15264e+07			4.44732e+07
165		4.68954e+07			5.25731e+07
166		5.3163e+07			4.98846e+07
167		5.997e+07			7.46789e+07
168		6.79831e+07			7.25206e+07
169		7.67614e+07			7.35745e+07
170		8.69075e+07			8.27211e+07
171		9.79507e+07			1.07465e+08
172		1.11001e+08			1.38092e+08
173		1.25479e+08			1.0979e+08
174		1.42321e+08			1.26702e+08
175		1.60441e+08			1.57296e+08
176		1.81608e+08			1.67798e+08
177		2.05124e+08			1.88209e+08
178		2.32336e+08			2.18343e+08
179		2.62153e+08			2.91837e+08
180		2.9681e+08			3.05033e+08
181		3.35552e+08			4.81634e+08
182		3.80351e+08			4.41674e+08
183		4.2862e+08			4.42536e+08
184		4.85075e+08			5.59388e+08
185		5.47871e+08			4.97806e+08
186		6.21732e+08			5.29173e+08
187		7.01696e+08			7.88776e+08
188		7.94202e+08			6.87186e+08
189		8.96934e+08			8.06361e+08
190		1.01623e+09			9.16354e+08
191		1.14668e+09			1.13039e+09
192		1.29773e+09			1.66115e+09

p20.pddl
bound		ida*-bfs (exp)		ss-bfs (exp)
22		1			1
35		2			2
36		3			3
40		4			4
41		5			5
45		6			6
46		7			7
47		8			8
48		10			10
49		14			13.814
50		18			17.6972
53		20			19.8838
54		22			21.8078
55		28			27.2444
56		29			28.2636
57		31			30.8064
58		34			33.7106
59		40			39.948
60		46			45.2312
61		52			51.544
62		57			56.3826
63		68			68.5168
64		77			75.4874
65		85			83.6436
66		93			91.6828
67		106			104.771
68		122			118.047
69		142			139.931
70		157			153.649
71		171			166.49
72		194			189.318
73		234			231.123
74		274			265.485
75		320			315.532
76		355			352.447
77		390			381.887
78		442			424.301
79		498			478.903
80		540			511.526
81		628			598.064
82		690			662.567
83		818			817.559
84		910			914.497
85		1014			974.697
86		1134			1075.64
87		1306			1261.91
88		1558			1546.8
89		1781			1772.92
90		1930			1937.77
91		2161			2055.12
92		2426			2368.95
93		2780			2821.16
94		3153			3062.07
95		3559			3538.44
96		4023			3927.13
97		4595			4473.28
98		5174			4802.63
99		5895			5706.33
100		6593			6361.41
101		7640			7084.99
102		8792			9025.58
103		10084			9619.15
104		11098			11057.9
105		12412			11798.9
106		13909			13043.9
107		16085			15751.7
108		18179			17567.2
109		21012			20218.1
110		23488			24036.3
111		26632			28113.1
112		29938			29618.9
113		33983			31529.8
114		38704			36969.2
115		43864			41899.8
116		50016			47334
117		56649			55271.8
118		63134			57177.2
119		71127			67667.9
120		80366			77667.6
121		92423			87070.8
122		105537			113040
123		119905			115009
124		134978			128458
125		152571			146930
126		172647			160286
127		197575			183706
128		223286			237385
129		255519			242755
130		286793			273562
131		325561			311295
132		364229			322454
133		414630			376777
134		469824			440081
135		538999			519245
136		610372			585137
137		691591			629337
138		776993			758564
139		881838			805121
140		1.00248e+06			931507
141		1.1407e+06			1.15069e+06
142		1.29665e+06			1.34907e+06
143		1.46538e+06			1.28296e+06
144		1.65098e+06			1.70125e+06
145		1.86481e+06			1.72888e+06
146		2.11384e+06			2.00581e+06
147		2.40876e+06			2.05442e+06
148		2.73499e+06			2.87579e+06
149		3.11545e+06			2.93547e+06
150		3.52257e+06			3.22524e+06
151		3.98752e+06			3.83191e+06
152		4.49895e+06			4.52946e+06
153		5.11928e+06			4.77921e+06
154		5.80703e+06			5.50853e+06
155		6.62908e+06			6.00639e+06
156		7.47185e+06			6.2925e+06
157		8.47251e+06			8.65388e+06
158		9.52047e+06			9.06654e+06
159		1.08433e+07			1.04018e+07
160		1.22972e+07			9.54598e+06
161		1.40226e+07			1.22718e+07
162		1.58761e+07			1.47594e+07
163		1.79998e+07			1.62035e+07
164		2.03453e+07			1.90648e+07
165		2.30529e+07			2.23313e+07
166		2.61504e+07			2.5138e+07
167		2.97102e+07			2.58993e+07
168		3.37533e+07			3.22611e+07
169		3.82734e+07			3.68051e+07
170		4.32722e+07			3.72142e+07
171		4.8893e+07			4.38713e+07
172		5.53949e+07			4.99745e+07
173		6.30091e+07			6.21514e+07
174		7.15471e+07			7.60198e+07
175		8.12647e+07			7.26218e+07
176		9.18867e+07			9.44704e+07
177		1.04151e+08			9.92291e+07
178		1.17779e+08			1.03456e+08
179		1.33909e+08			1.39346e+08
180		1.51796e+08			1.21301e+08
181		1.72747e+08			1.53973e+08
182		1.95404e+08			1.86551e+08
183		2.21687e+08			2.00456e+08
184		2.50208e+08			2.29607e+08
185		2.84157e+08			2.32405e+08
186		3.22121e+08			2.85507e+08
187		3.66563e+08			3.11835e+08
188		4.15209e+08			3.26829e+08
189		4.70798e+08			4.16724e+08
190		5.32692e+08			5.27775e+08
191		6.03764e+08			6.2359e+08
192		6.84903e+08			6.09414e+08
193		7.77612e+08			7.63089e+08
194		8.82784e+08			7.47555e+08
195		1.00097e+09			8.86998e+08
196		1.13339e+09			9.55467e+08

p28.pddl
bound		ida*-bfs (exp)		ss-bfs (exp)
18		1			1
30		2			2
31		4			4
33		6			5.908
35		8			7.8616
37		10			10.0984
39		12			11.5552
40		13			13.256
41		15			15.32
42		16			16.0456
43		23			23.152
44		27			27.0136
45		39			38.6672
46		49			49.2816
47		68			64.555
48		84			85.465
49		108			109.441
50		130			130.517
51		160			157.005
52		191			183.969
53		229			237.823
54		266			269.63
55		321			319.628
56		380			385.294
57		475			435.224
58		586			807.974
59		765			690.318
60		965			796.715
61		1263			1034.64
62		1584			1036.21
63		2034			2945.23
64		2515			1765.15
65		3167			3505.39
66		3848			2806.96
67		4756			2814.36
68		5719			5851.27
69		7050			6358.25
70		8532			5778.36
71		10666			5702.17
72		13121			8897.18
73		16659			9457.95
74		20746			15513.5
75		26624			24146.8
76		33207			23654.3
77		43072			22310.4
78		53282			32124
79		70995			116112
80		86288			49974.4
81		124133			79261.7
82		147018			65819.1
83		250061			226839
84		285360			290967
85		626233			463368
86		682610			440394
87		1.93783e+06			2.58882e+06
88		2.03099e+06			2.03823e+06
89		6.88364e+06			5.36019e+06
90		7.0458e+06			6.7458e+06
91		2.61973e+07			1.95413e+07
92		2.65126e+07			2.53491e+07
93		1.02743e+08			8.21097e+07
94		1.03493e+08			9.71771e+07
95		4.07971e+08			5.86027e+08
96		4.10232e+08			2.74783e+08
97		1.62802e+09			8.89102e+08
98		1.63613e+09			8.38672e+08

p23.pddl
bound		ida*-bfs (exp)		ss-bfs (exp)
322		17			17
324		150			149.996
326		1045			1044.44
328		6422			6420.74
330		36337			36252
332		194182			192874
334		995925			992419
336		4.95369e+06			4.91503e+06
338		2.40631e+07			2.42289e+07
340		1.14711e+08			1.12813e+08
342		5.38518e+08			5.31602e+08
344		2.49611e+09			2.4598e+09
346		1.14459e+10			1.12838e+10

p21.pddl
bound		ida*-bfs (exp)		ss-bfs (exp)
4		1			1
162		13			12.8784
164		49			47.9792
166		193			197.437
168		769			765.638
170		3073			3015.32
172		12289			12176
174		49153			50096.6
176		196609			197474
178		786433			767559
180		3.14573e+06			3.09414e+06
182		1.25829e+07			1.25175e+07
184		5.03316e+07			5.06336e+07
186		2.01327e+08			1.98105e+08
188		8.05306e+08			7.99186e+08
190		3.22123e+09			3.20448e+09
192		1.28849e+10			1.28282e+10

p03.pddl
bound		ida*-bfs (exp)		ss-bfs (exp)
88		30			30.0994
90		375			379.266
92		3593			3571.31
94		30396			30193.6
96		239978			237948
98		1.81668e+06			1.80633e+06
100		1.33886e+07			1.32966e+07
102		9.69557e+07			9.65007e+07
104		6.94018e+08			6.81374e+08
106		4.92978e+09			4.87364e+09

p24.pddl
bound		ida*-bfs (exp)		ss-bfs (exp)
188		25			25.2548
190		295			294.694
192		2877			2927.03
194		26515			27363.7
196		239929			241711
198		2.15954e+06			2.1677e+06
200		1.94162e+07			1.94427e+07
202		1.74585e+08			1.76512e+08
204		1.5703e+09			1.56593e+09
206		1.41275e+10			1.42051e+10

p09.pddl
bound		ida*-bfs (exp)		ss-bfs (exp)
20		1			1
22		3			3
24		5			5
26		7			7
28		9			9
30		11			11
32		13			13
33		15			15
34		17			17
35		28			27.922
36		30			29.974
37		61			61.164
38		64			63.8448
39		136			136.532
40		146			144.476
41		341			338.237
42		385			381.167
43		1030			1028.35
44		1205			1145.82
45		3596			3227.97
46		4268			4094.14
47		13589			13044.1
48		16227			15143.8
49		53216			51303
50		63670			62477.5
51		211286			203137
52		252936			225085
53		843036			903683
54		1.00946e+06			1.01969e+06
55		3.36955e+06			2.90586e+06
56		4.03598e+06			3.69585e+06
57		1.34765e+07			1.46397e+07
58		1.61486e+07			1.31101e+07
59		5.3914e+07			5.94816e+07
60		6.46332e+07			7.28949e+07
61		2.15721e+08			2.49189e+08
62		2.58732e+08			2.43477e+08

p08.pddl
bound		ida*-bfs (exp)		ss-bfs (exp)
18		1			1
32		3			3
33		4			4
34		7			6.9088
36		9			8.8496
38		12			11.622
40		15			14.5456
42		18			17.856
43		19			19.096
44		22			22.3336
45		25			24.772
46		36			35.256
47		43			42.328
48		64			62.186
49		71			70.018
50		103			104.974
51		109			108.224
52		152			147.618
53		159			157.288
54		219			214.678
55		228			233.456
56		308			305.4
57		329			330.418
58		439			437.106
59		489			460.35
60		682			720.54
61		829			837.494
62		1218			1799.67
63		1691			1592.21
64		2580			2410.32
65		4236			3971.56
66		6833			6966.69
67		13040			12186.7
68		22004			20055.6
69		46218			43469.9
70		80080			70940.2
71		176006			151690
72		308709			266849
73		691149			705743
74		1.21837e+06			1.06115e+06
75		2.74692e+06			2.83555e+06
76		4.85144e+06			4.10332e+06
77		1.09661e+07			8.88844e+06
78		1.93817e+07			2.75345e+07
79		4.38513e+07			4.40872e+07
80		7.75376e+07			8.68042e+07
81		1.75482e+08			1.75068e+08
82		3.10475e+08			2.60947e+08
83		7.02607e+08			7.51452e+08
84		1.24471e+09			1.80609e+09

p16.pddl
bound		ida*-bfs (exp)		ss-bfs (exp)
14		1			1
29		2			2
30		3			3
35		4			4
37		5			5
38		7			7
39		8			8
42		9			9
43		11			11.0242
44		15			15.1168
45		17			16.9432
46		19			18.771
47		20			20.045
48		22			21.9384
49		23			23.1956
50		26			25.794
51		30			29.962
53		40			38.9224
54		47			46.3852
55		49			47.7964
56		51			50.8888
57		53			53.272
58		62			61.9228
59		75			72.4168
60		86			82.6552
61		95			98.0776
62		108			109.011
63		123			123.692
64		140			141.076
65		156			154.734
66		180			180.179
67		203			201.678
68		235			225.406
69		276			268.858
70		304			302.061
71		334			316.515
72		374			375.677
73		413			416.231
74		482			466.743
75		532			522.467
76		599			591.702
77		690			645.735
78		783			763.206
79		890			890.988
80		1015			987.116
81		1141			1119.8
82		1288			1249.36
83		1502			1516.05
84		1660			1617.27
85		1872			1909.73
86		2101			2039.34
87		2429			2237.63
88		2746			2562.35
89		3060			2998.89
90		3406			3265.94
91		3789			3681.96
92		4326			4263.71
93		5001			5031.88
94		5701			5372.7
95		6565			6752.79
96		7387			6991.79
97		8346			8631.89
98		9532			8900.92
99		10789			10263.1
100		12148			12179.3
101		13992			13407.3
102		15931			16036.6
103		18134			16378
104		20485			18696.9
105		22838			20046.2
106		25586			24167.7
107		28820			27622.1
108		32894			31896.4
109		37700			32910.2
110		42994			41982.4
111		49046			41203.7
112		55439			52976
113		62575			62085.8
114		70840			65558.9
115		81057			76414.1
116		93216			91158.2
117		106466			97701.4
118		120703			119969
119		136722			131813
120		154461			129037
121		173587			167977
122		197385			202898
123		223848			213713
124		254646			238677
125		290586			258369
126		330908			303583
127		375847			303413
128		424983			350193
129		482988			476776
130		551397			561485
131		630865			599169
132		720862			706616
133		822011			875474
134		928583			901147
135		1.0506e+06			1.13554e+06
136		1.19148e+06			1.01263e+06
137		1.36014e+06			1.07421e+06
138		1.54832e+06			1.23788e+06
139		1.76137e+06			1.84541e+06
140		1.99702e+06			2.93988e+06
141		2.26539e+06			2.42204e+06
142		2.56961e+06			2.43766e+06
143		2.93865e+06			2.71162e+06
144		3.35464e+06			3.25189e+06
145		3.82288e+06			2.78096e+06
146		4.35415e+06			3.28796e+06
147		4.95691e+06			3.22473e+06
148		5.64213e+06			4.34541e+06
149		6.41864e+06			6.08987e+06
150		7.3073e+06			5.90637e+06
151		8.3121e+06			6.27439e+06
152		9.47132e+06			7.82103e+06
153		1.07815e+07			9.20455e+06
154		1.2286e+07			1.52092e+07
155		1.39474e+07			1.41106e+07
156		1.58372e+07			1.23372e+07
157		1.79915e+07			1.76589e+07
158		2.05241e+07			2.06596e+07
159		2.34282e+07			2.25117e+07
160		2.67589e+07			2.5194e+07
161		3.05191e+07			2.26705e+07
162		3.4726e+07			2.79087e+07
163		3.94019e+07			4.10897e+07
164		4.48255e+07			3.27874e+07
165		5.11897e+07			3.31895e+07
166		5.84618e+07			4.7446e+07
167		6.67604e+07			5.30632e+07
168		7.59981e+07			6.33983e+07
169		8.63805e+07			5.54719e+07
170		9.80397e+07			1.48439e+08
171		1.11714e+08			1.07929e+08
172		1.27385e+08			7.77289e+07
173		1.45442e+08			1.13787e+08
174		1.6572e+08			1.01594e+08
175		1.89061e+08			2.29386e+08
176		2.15231e+08			2.45343e+08
177		2.45121e+08			1.49198e+08
178		2.79125e+08			2.11636e+08
179		3.18353e+08			3.1387e+08
180		3.63118e+08			2.70991e+08
181		4.14453e+08			5.01247e+08
182		4.72994e+08			3.90048e+08
183		5.39015e+08			3.54244e+08
184		6.13657e+08			7.75202e+08
185		6.98433e+08			6.79641e+08
186		7.96135e+08			5.35071e+08
187		9.07392e+08			1.92075e+09
188		1.03628e+09			7.29031e+08
189		1.18253e+09			7.41299e+08

p11.pddl
bound		ida*-bfs (exp)		ss-bfs (exp)
4		1			1
34		3			3
64		7			7
94		15			15
124		31			31
154		63			63
170		65			63.248
184		129			131.43
200		133			129.288
214		261			255.76
215		271			271.058
217		307			310.732
219		451			446.302
221		1027			1036.51
223		3331			3301.75
225		12547			12235.9
227		49411			47767.5
229		196867			191518
230		196875			199861
231		786699			778519
233		3.146e+06			3.18122e+06
235		1.25832e+07			1.24624e+07
237		5.03319e+07			5.32713e+07
239		2.01327e+08			2.03582e+08
241		8.05307e+08			8.09816e+08
243		3.22123e+09			3.14392e+09
244		3.22123e+09			3.21865e+09
245		1.28849e+10			1.34415e+10

p27.pddl
bound		ida*-bfs (exp)		ss-bfs (exp)
16		1			1
28		2			2
30		4			4
32		6			6
34		8			8
36		10			10
38		12			12
40		16			16.4316
42		22			21.9928
44		29			28.8268
46		38			37.6504
47		39			38.1584
48		51			52.16
50		70			72.524
52		112			112.032
54		238			246.589
56		665			682.624
57		668			718.214
58		2262			2345.76
60		8483			8855.32
61		8484			8524.85
62		33184			33815.8
63		33186			33159.7
64		131910			121199
65		131915			132997
66		528115			493717
67		528122			515408
68		2.12707e+06			2.02372e+06
69		2.12709e+06			2.24556e+06
70		8.65352e+06			8.82563e+06
71		8.65355e+06			9.09778e+06
72		3.59394e+07			3.63677e+07
73		3.59395e+07			3.47142e+07
74		1.55711e+08			1.50597e+08
75		1.55711e+08			1.44406e+08
76		7.30454e+08			6.71483e+08
77		7.30454e+08			6.88671e+08

p02.pddl
bound		ida*-bfs (exp)		ss-bfs (exp)
107		26			26.0144
109		309			309.604
111		2779			2776.32
113		22218			21970
115		168706			165241
117		1.25812e+06			1.23805e+06
119		9.3846e+06			9.10719e+06
121		7.06659e+07			6.90276e+07
123		5.38955e+08			5.19116e+08
125		4.1624e+09			4.01058e+09
126		4.1624e+09			4.15022e+09

Files that contains zero_info:	1
p30.pddl
