	0.337904		0.575893
	0.337904		0.575893
	0.337904		0.183036
	0.337904		0.504464
	0.337904		0.183036
	0.337904		0.611607
	0.337904		0.611607
	0.468235		0.207071
	0.468235		0.691919
	0.468235		0.691919
	0.468235		0.207071
	0.468235		0.207071
	0.468235		0.207071
	0.468235		0.651515
	0.468235		0.651515
	0.468235		0.651515
	0.468235		0.651515
	0.468235		0.691919
	0.468235		0.691919
	0.468235		0.570707
	0.468235		0.570707
	0.575569		0.216931
	0.575569		0.271523
	0.575569		0.68254
	0.575569		0.907285
	0.575569		0.854305
	0.575569		0.724868
	0.575569		0.724868
	0.575569		0.907285
	0.575569		0.748344
	0.575569		0.68254
	0.575569		0.854305
	0.575569		0.216931
	0.575569		0.271523
	0.575569		0.597884
	0.587079		0.674107
	0.587079		0.84375
	0.721655		0.883929
	0.721655		0.883929
	0.813517		0.954545
	0.813517		0.954545
	0.813517		0.762626
	0.813517		0.762626
	1		0.875969
	1		1
	1		2
	1		0.875969
	1		0.798942
	1		1
	1		1.14159
	1		2
	1		1
	1		0.941606
	1		2
	1		0.941606
	1		2
	1		0.941606
	1		2
	1		1.14159
	1		1
	1		0.941606
	1		2
	1		0.362832
	1		1.25166
	1		1.06202
	1		1.06202
	1		1.21239
	1		2
	1		2
	1		1
	1		0.317829
	1		0.317829
	1		0.824818
	1		1
	1		0.29927
	1		0.29927
	1		1.06202
	1		1.06202
	1		1.21239
	1		2
	1		1
	1		2
	1		1
	1		0.29927
	1		0.29927
	1		0.362832
	1		0.317829
	1		0.317829
	1		0.824818
	1.22923		1.04762
	1.22923		1.31126
	1.22923		1.31126
	1.22923		1.04762
	1.3857		1.13131
	1.3857		1.13131
	1.70335		1.18519
	1.70335		1.48344
	1.73741		1.17054
	1.73741		1.17054
	1.73741		1.46512
	1.73741		1.33628
	1.73741		2
	1.73741		1.46512
	1.73741		1.10219
	1.73741		2
	1.73741		1.10219
	1.73741		1.37956
	1.73741		2
	1.73741		1.37956
	1.73741		2
	1.73741		1.67257
	2		1.44526
	2		1.53488
	2		1.75221
	2		2
	2		1.44526
	2		2
	2		1.44526
	2		1.53488
	2		1.53488
	2		1.53488
	2		2
	2		1.75221
	2		1.44526
	2		2
	2		1.73643
	2		1.73643
	2		1.9823
	2		2
	2		1.63504
	2		2
	2		1.63504
	0.255549		0.960177
	0.264001		0.960177
	0.368128		1
	0.368128		1
	0.368128		1
	0.380303		1
	0.380303		1
	0.380303		1
	0.420797		1
	0.420797		1
	0.423589		0.960177
	0.431884		0.960177
	0.434714		1
	0.434714		1
	0.440828		1
	0.440828		1
	0.455408		1
	0.455408		1
	0.579702		0.960177
	0.579702		0.960177
	0.591708		1
	0.603295		1
	0.607297		0.960177
	0.607297		0.960177
	0.610196		1
	0.610196		1
	0.610196		1
	0.611277		1
	0.622144		1
	0.622144		1
	0.622144		1
	0.623247		1
	0.694186		0.960177
	0.694186		0.960177
	0.694186		0.960177
	0.697499		1
	0.697499		1
	0.711157		1
	0.711157		1
	0.730702		1
	0.730702		1
	0.74501		1
	0.74501		1
	0.835082		1
	0.835082		1
	0.835082		1
	0.835082		1
	0.835082		1
	0.835082		1
	0.874834		1
	0.874834		1
	0.874834		1
	0.874834		1
	0.874834		1
	0.874834		1
	0.954561		1
	0.954561		1
	0.954561		1
	0.954561		1
	0.967986		1
	0.980795		1
	1		1
	1		1
	1		1
	1		1
	1		1
	1		1
	1		1
	1		1
	1		1
	1		1
	1.01958		1
	1.03307		1
	1.0476		1
	1.0476		1
	1.0476		1
	1.0476		1
	1.14307		1
	1.14307		1
	1.14307		1
	1.14307		1
	1.14307		1
	1.14307		1
	1.19749		1
	1.19749		1
	1.19749		1
	1.19749		1
	1.19749		1
	1.19749		1
	1.34226		1
	1.34226		1
	1.36855		1
	1.36855		1
	1.40616		1
	1.40616		1
	1.43369		1
	1.43369		1
	1.44054		1.04147
	1.44054		1.04147
	1.44054		1.04147
	1.6045		1
	1.60734		1
	1.60734		1
	1.60734		1
	1.63592		1
	1.63882		1
	1.63882		1
	1.63882		1
	1.64664		1.04147
	1.64664		1.04147
	1.65757		1
	1.69002		1
	1.72502		1.04147
	1.72502		1.04147
	2		1
	2		1
	2		1
	2		1
	2		1
	2		1
	2		1.04147
	2		1.04147
	2		1
	2		1
	2		1
	2		1
	2		1
	2		1
	2		1
	2		1
	2		1.04147
	2		1.04147
	0.654837		0.851064
	0.654837		0.70852
	0.654837		1.12057
	0.654837		1.01935
	0.654837		0.264516
	0.654837		0.605381
	0.654837		0.29078
	0.654837		0.538117
	0.654837		0.183857
	0.654837		0.774194
	0.654837		0.957447
	0.654837		0.851064
	0.654837		0.774194
	0.654837		0.870968
	0.654837		0.729032
	0.654837		0.443946
	0.654837		0.702128
	0.654837		0.506726
	0.654837		0.801418
	0.654837		0.538117
	0.654837		0.63871
	0.715348		0.75
	0.715348		0.856061
	0.715348		0.310606
	0.715348		1.19697
	0.715348		0.909091
	0.715348		1.02273
	0.715348		0.909091
	0.784548		0.713004
	0.784548		1.02581
	0.784548		1.12766
	0.834668		0.754717
	0.834668		0.754717
	0.834668		0.622642
	0.834668		0.710692
	0.834668		0.993711
	0.834668		0.257862
	0.834668		0.849057
	0.857045		1.20455
	0.91541		0.591928
	0.91541		0.851613
	0.91541		0.93617
	1		2
	1		0.626582
	1		0.825
	1		1.14141
	1		0.941667
	1		0.825
	1		0.941667
	1		0.71519
	1		0.733333
	1		0.876106
	1		2
	1		0.837037
	1		2
	1		0.759494
	1		1.19469
	1		1.125
	1		1
	1		1.36364
	1		1.21212
	1		1.125
	1		0.85443
	1		2
	1		0.888889
	1		1.06195
	1		0.695067
	1		1.09929
	1		1.39823
	1		0.362832
	1		2
	1		0.303704
	1		0.341667
	1		0.414141
	1		0.341667
	1		1.31667
	1		0.259494
	1		1.59596
	1		1.31667
	1		1.17037
	1		2
	1		0.759494
	1		1
	1		1.58156
	1		0.909677
	1		1.43871
	1		0.632287
	1		1.06195
	1		0.888889
	1		1.21212
	1.09241		1.68939
	1.09241		1.17424
	1.09241		1.06818
	1.1668		0.830189
	1.19808		1.60606
	1.19808		1.325
	1.19808		1.17778
	1.19808		1.40708
	1.19808		1.325
	1.19808		1.00633
	1.19808		2
	1.27462		1.40252
	1.27462		0.886792
	1.27462		0.974843
	1.39792		1.1
	1.39792		1.16814
	1.39792		0.977778
	1.39792		1.1
	1.39792		1.33333
	1.39792		2
	1.39792		0.835443
	1.5271		1.24779
	1.5271		1.37168
	1.5271		2
	1.5271		1.41139
	1.5271		1.85833
	1.5271		1.04444
	1.5271		2
	1.5271		1.85833
	1.5271		1.175
	1.5271		1.42424
	1.5271		1.65185
	1.5271		1.97345
	1.5271		1.175
	1.5271		0.892405
	1.5271		2
	1.5271		2
	1.5271		0.981013
	1.5271		1.29167
	1.5271		1.56566
	1.5271		1.29167
	1.5271		1.14815
	0.0399945		0.671088
	0.0593896		0.671088
	0.0654125		0.998939
	0.0724712		0.671088
	0.085248		0.671088
	0.085248		0.671088
	0.0971339		0.998939
	0.100519		0.999469
	0.100519		0.999469
	0.115762		1
	0.118529		0.998939
	0.133903		1
	0.139426		0.998939
	0.139426		0.998939
	0.149265		0.999469
	0.149265		0.999469
	0.1719		1
	0.182144		0.999469
	0.182144		0.999469
	0.184909		1
	0.198839		1
	0.209764		1
	0.214256		0.999469
	0.214256		0.999469
	0.214256		0.999469
	0.214256		0.999469
	0.216293		0.671088
	0.242636		1
	0.246746		1
	0.246746		1
	0.274579		1
	0.285414		1
	0.285414		1
	0.298682		0.671088
	0.33506		1
	0.345489		0.671088
	0.353756		0.998939
	0.394132		1
	0.394132		1
	0.397879		0.671444
	0.397879		0.671444
	0.469154		1
	0.469154		1
	0.488506		0.998939
	0.543616		0.999469
	0.543616		0.999469
	0.551867		1
	0.565061		0.998939
	0.61142		0.6718
	0.626049		1
	0.650746		0.999469
	0.650746		0.999469
	0.673426		1
	0.696668		1
	0.696668		1
	0.724158		1
	0.750686		0.999469
	0.750686		0.999469
	0.819492		1
	0.850121		1
	0.850121		1
	0.864519		1
	0.868328		0.999469
	0.868328		0.999469
	1		1
	1		1
	1		1
	1		1
	1.15164		1.00053
	1.15164		1.00053
	1.15671		1
	1.1763		1
	1.1763		1
	1.22027		1
	1.33211		1.00053
	1.33211		1.00053
	1.38091		1
	1.4354		1
	1.4354		1
	1.48494		1
	1.5367		1.00053
	1.5367		1.00053
	1.59732		1
	1.63554		1.48854
	1.76972		1.00106
	1.81203		1
	1.83954		1.00053
	1.83954		1.00053
	2		1.00106
	2		1
	2		1
	2		1.48933
	2		1.48933
	2		1
	2		1
	2		1.00106
	2		1.49012
	2		1
	2		1.49012
	2		1
	2		1
	2		1
	2		1
	2		1
	2		1
	2		1.49012
	2		1.00053
	2		1.00053
	2		1.00053
	2		1.00053
	2		1
	2		1
	2		1
	2		1.00053
	2		1.00053
	2		1
	2		1.00053
	2		1.00053
	2		1.00106
	2		1.00106
	2		1
	2		1.00106
	2		1
	2		1.00053
	2		1.00053
	2		1.00106
	2		1.49012
	2		1.49012
	2		1.49012
	2		1.00106
	2		1.49012
	2		1.49012
	0.11458		0.295902
	0.11458		0.295902
	0.11458		0.295902
	0.126534		0.295902
	0.126534		0.295902
	0.126534		0.295902
	0.210006		0.850985
	0.231914		0.850985
	0.266927		0.951038
	0.277674		0.959553
	0.277674		0.959553
	0.294774		0.951038
	0.306642		0.959553
	0.306642		0.959553
	0.307593		0.993614
	0.320681		1
	0.326474		1
	0.339683		0.993614
	0.350962		0.295902
	0.350962		0.295902
	0.350962		0.295902
	0.354136		1
	0.357303		0.295902
	0.357303		0.295902
	0.357303		0.295902
	0.360534		1
	0.372506		0.297804
	0.372506		0.297804
	0.372506		0.297804
	0.412644		0.308375
	0.412644		0.308375
	0.412644		0.308375
	0.412644		0.308375
	0.412644		0.308375
	0.412644		0.308375
	0.429256		0.311136
	0.429256		0.311136
	0.429256		0.311136
	0.545606		0.347717
	0.545606		0.347717
	0.545606		0.347717
	0.643253		0.850985
	0.654873		0.850985
	0.682738		0.856454
	0.756304		0.886855
	0.756304		0.886855
	0.786752		0.894796
	0.817606		0.951038
	0.832376		0.951038
	0.850522		0.959553
	0.850522		0.959553
	0.865887		0.959553
	0.865887		0.959553
	0.867793		0.957151
	0.90273		0.96572
	0.90273		0.96572
	0.905532		1
	0.942166		0.993614
	0.959187		0.993614
	0.961299		0.991126
	0.961299		0.991126
	0.982255		1
	1		1
	1		1
	1		1
	1		1
	1		1
	1		1
	1		1
	1		1
	1.01807		1
	1.04026		1.00895
	1.04026		1.00895
	1.04255		1.00643
	1.06138		1.00643
	1.10432		1
	1.10775		1.0355
	1.10775		1.0355
	1.15235		1.04477
	1.15489		1.04215
	1.15489		1.04215
	1.17575		1.04215
	1.17575		1.04215
	1.20138		1.05148
	1.22308		1.05148
	1.27105		1.11757
	1.32222		1.12758
	1.32222		1.12758
	1.46469		1.1676
	1.52701		1.17511
	1.5546		1.17511
	1.83283		2
	1.83283		2
	1.83283		2
	2		2
	2		2
	2		2
	2		2
	2		2
	2		2
	2		2
	2		2
	2		2
	2		2
	2		2
	2		2
	2		1
	2		2
	2		2
	2		2
	2		1
	2		2
	2		2
	2		2
	2		1.00643
	2		1
	2		1
	2		1.00643
	2		1.04215
	2		1.04215
	2		1.05148
	2		1.04215
	2		1.04215
	2		1.05148
	2		1.17511
	2		1.17511
	2		2
	2		2
	2		2
	2		2
	2		2
	2		2
	0.0233281		1
	0.0293699		1
	0.0336477		1
	0.0336477		1
	0.036076		1
	0.036076		1
	0.036076		1
	0.036076		1
	0.0423622		1
	0.0423622		1
	0.0454195		1
	0.0454195		1
	0.0454195		1
	0.0454195		1
	0.054397		1
	0.054397		1
	0.0684854		1
	0.0684854		1
	0.130089		1
	0.163782		1
	0.179324		1
	0.258651		1
	0.258651		1
	0.277317		1
	0.277317		1
	0.277317		1
	0.277317		1
	0.418151		1
	0.418151		1
	0.428849		1
	0.428849		1
	0.618558		1
	0.618558		1
	0.618558		1
	0.618558		1
	0.646636		1
	0.646636		1
	0.646636		1
	0.646636		1
	0.663199		1
	0.663199		1
	0.663199		1
	0.663199		1
	0.663199		1
	0.663199		1
	0.663199		1
	0.663199		1
	0.693304		1
	0.693304		1
	0.794285		1
	0.932688		1
	0.932688		1
	0.932688		1
	0.932688		1
	0.932688		1
	0.932688		1
	0.932688		1
	0.932688		1
	1		1
	1		1
	1		1
	1		1
	1		1
	1		1
	1		1
	1		1
	1		1
	1		1
	1		1
	1		1
	1		1
	1		1
	1		1
	1		1
	1.07217		1
	1.07217		1
	1.07217		1
	1.07217		1
	1.07217		1
	1.07217		1
	1.07217		1
	1.07217		1
	1.25899		1
	1.44237		1
	1.44237		1
	1.50784		1
	1.50784		1
	1.50784		1
	1.50784		1
	1.50784		1
	1.50784		1
	1.50784		1
	1.50784		1
	1.54646		1
	1.54646		1
	1.54646		1
	1.54646		1
	1.61666		1
	1.61666		1
	1.61666		1
	1.61666		1
	2		1
	2		1
	2		1
	2		1
	2		1
	2		1
	2		1
	2		1
	2		1
	2		1
	2		1
	2		1
	2		1
	2		1
	2		1
	2		1
	2		1
	2		1
	2		1
	2		1
	2		1
	2		1
	2		1
	2		1
	2		1
	2		1
	2		1
	2		1
	2		1
	2		1
	2		1
	4.13747e-05		1
	4.13747e-05		1
	4.13747e-05		1
	4.13747e-05		1
	4.13747e-05		1
	4.13747e-05		1
	4.13747e-05		1
	4.13747e-05		1
	4.909e-05		1
	4.909e-05		1
	4.909e-05		1
	4.909e-05		1
	4.909e-05		1
	4.909e-05		1
	4.909e-05		1
	4.909e-05		1
	0.000159335		1
	0.000159335		1
	0.000159335		1
	0.000159335		1
	0.000159335		1
	0.000159335		1
	0.000159335		1
	0.000159335		1
	0.000750508		0.989293
	0.000750508		0.989293
	0.000750508		0.989293
	0.000750508		0.989293
	0.000750508		0.989293
	0.000750508		0.989293
	0.000750508		0.989293
	0.000750508		0.989293
	0.0551289		1.01082
	0.065409		1.01082
	0.212303		1.01082
	0.259671		1
	0.308093		1
	0.842833		1
	1		1
	1		1
	1		1
	1		1
	1		1
	1		1
	1		1
	1		1
	1		1
	1		1
	1		1
	1		1
	1		1
	1		1
	1		1
	1		1
	1		1
	1		1
	1		1
	1		1
	1		1
	1		1
	1		1
	1		1
	1		1
	1		1
	1		1
	1		1
	1		1
	1		1
	1		1
	1		1
	1		1
	1		1
	1		1
	1		1
	1		1
	1		1
	1		1
	1		1
	1		1
	1		1
	1		1
	1		1
	1		1
	1		1
	1		1
	1		1
	1		1
	1		1
	1		1
	1		1
	1		1
	1		1
	1		1
	1		1
	1.18647		1
	2		1
	2		1
	2		0.989293
	2		0.989293
	2		0.989293
	2		1.01082
	2		1.01082
	2		1.01082
	2		1.01082
	2		1.01082
	2		1.01082
	2		1.01082
	2		1.01082
	2		1
	2		1
	2		1
	2		1
	2		1
	2		1
	2		1
	2		1
	2		1
	2		1
	2		1
	2		1
	2		1
	2		1
	2		1
	2		1
	2		1
	2		1
	2		1
	2		1
	2		1
	2		1
	2		1
	2		1
	3.15554e-05		0.702962
	3.15554e-05		0.702962
	3.15554e-05		0.702962
	3.15554e-05		0.702962
	3.15554e-05		0.702962
	3.15554e-05		0.702962
	3.15554e-05		0.702962
	3.15554e-05		0.702962
	3.27421e-05		0.501251
	3.27421e-05		0.501251
	3.27421e-05		0.501251
	3.27421e-05		0.501251
	3.27421e-05		0.501251
	3.27421e-05		0.501251
	3.27421e-05		0.501251
	3.27421e-05		0.501251
	6.9026e-05		1
	6.9026e-05		1
	6.9026e-05		1
	6.9026e-05		1
	6.9026e-05		1
	6.9026e-05		1
	6.9026e-05		1
	6.9026e-05		1
	0.000806247		0.794506
	0.000806247		0.794506
	0.000806247		0.794506
	0.000806247		0.794506
	0.000806247		0.794506
	0.000806247		0.794506
	0.000806247		0.794506
	0.000806247		0.794506
	0.0391386		0.884779
	0.0406105		0.630897
	0.0856139		1.25864
	0.457153		0.702962
	0.474345		0.501251
	0.963757		1.40241
	1		1
	1		1
	1		1
	1		1
	1		1
	1		1
	1		1
	1		1
	1		1
	1		1
	1		1
	1		1
	1		1
	1		1
	1		1
	1		1
	1		1
	1		1
	1		1
	1		1
	1		1
	1		1
	1		1
	1		1
	1		1
	1		1
	1		1
	1		1
	1		1
	1		1
	1		1
	1		1
	1		1
	1		1
	1		1
	1		1
	1		1
	1		1
	1		1
	1		1
	1		1
	1		1
	1		1
	1		1
	1		1
	1		1
	1		1
	1		1
	1		1
	1		1
	1		1
	1		1
	1		1
	1		1
	1		1
	1		1
	1.03761		0.713056
	2		1.99501
	2		1.42255
	2		0.794506
	2		1.58505
	2		1.13023
	2		1.25864
	2		1.25864
	2		1.25864
	2		1.25864
	2		1.25864
	2		1.25864
	2		1.25864
	2		1.25864
	2		1
	2		1
	2		1
	2		1
	2		1
	2		1
	2		1
	2		1
	2		1.99501
	2		1.99501
	2		1.99501
	2		1.99501
	2		1.99501
	2		1.99501
	2		1.99501
	2		1.99501
	2		1.42255
	2		1.42255
	2		1.42255
	2		1.42255
	2		1.42255
	2		1.42255
	2		1.42255
	2		1.42255
	2.13189e-05		1
	2.13189e-05		1
	2.13189e-05		1
	2.13189e-05		1
	2.13189e-05		1
	2.13189e-05		1
	2.13189e-05		1
	2.13189e-05		1
	2.7898e-05		1
	2.7898e-05		1
	2.7898e-05		1
	2.7898e-05		1
	2.7898e-05		1
	2.7898e-05		1
	2.7898e-05		1
	2.7898e-05		1
	6.5557e-05		1
	6.5557e-05		1
	6.5557e-05		1
	6.5557e-05		1
	6.5557e-05		1
	6.5557e-05		1
	6.5557e-05		1
	6.5557e-05		1
	8.98542e-05		1
	8.98542e-05		1
	8.98542e-05		1
	8.98542e-05		1
	8.98542e-05		1
	8.98542e-05		1
	8.98542e-05		1
	8.98542e-05		1
	0.237261		1
	0.310481		1
	0.325196		1
	0.425553		1
	0.729593		1
	0.764173		1
	1		1
	1		1
	1		1
	1		1
	1		1
	1		1
	1		1
	1		1
	1		1
	1		1
	1		1
	1		1
	1		1
	1		1
	1		1
	1		1
	1		1
	1		1
	1		1
	1		1
	1		1
	1		1
	1		1
	1		1
	1		1
	1		1
	1		1
	1		1
	1		1
	1		1
	1		1
	1		1
	1		1
	1		1
	1		1
	1		1
	1		1
	1		1
	1		1
	1		1
	1		1
	1		1
	1		1
	1		1
	1		1
	1		1
	1		1
	1		1
	1		1
	1		1
	1		1
	1		1
	1		1
	1		1
	1		1
	1		1
	1.3086		1
	1.37063		1
	2		1
	2		1
	2		1
	2		1
	2		1
	2		1
	2		1
	2		1
	2		1
	2		1
	2		1
	2		1
	2		1
	2		1
	2		1
	2		1
	2		1
	2		1
	2		1
	2		1
	2		1
	2		1
	2		1
	2		1
	2		1
	2		1
	2		1
	2		1
	2		1
	2		1
	2		1
	2		1
	2		1
	2		1
	2		1
	2		1
	8.54503e-07		1
	8.54503e-07		1
	8.54503e-07		1
	8.54503e-07		1
	8.54503e-07		1
	8.54503e-07		1
	8.54503e-07		1
	1.70024e-06		1
	1.70024e-06		1
	1.70024e-06		1
	1.70024e-06		1
	1.70024e-06		1
	1.70024e-06		1
	1.70024e-06		1
	2.58071e-06		1
	2.58071e-06		1
	2.58071e-06		1
	2.58071e-06		1
	2.58071e-06		1
	2.58071e-06		1
	2.58071e-06		1
	3.31839e-06		1
	3.31839e-06		1
	3.31839e-06		1
	3.31839e-06		1
	3.31839e-06		1
	3.31839e-06		1
	3.31839e-06		1
	4.69831e-05		1
	4.69831e-05		1
	4.69831e-05		1
	4.69831e-05		1
	4.69831e-05		1
	4.69831e-05		1
	4.69831e-05		1
	0.0181875		1
	0.0361885		1
	0.0549285		1
	0.0706296		1
	0.257505		1
	0.331112		1
	0.502576		1
	0.51237		1
	0.658828		1
	0.777699		1
	1		1
	1		1
	1		1
	1		1
	1		1
	1		1
	1		1
	1		1
	1		1
	1		1
	1		1
	1		1
	1		1
	1		1
	1		1
	1		1
	1		1
	1		1
	1		1
	1		1
	1		1
	1		1
	1		1
	1		1
	1		1
	1		1
	1		1
	1		1
	1		1
	1		1
	1		1
	1		1
	1		1
	1		1
	1		1
	1		1
	1		1
	1		1
	1		1
	1		1
	1		1
	1		1
	1.28584		1
	1.51785		1
	1.95171		1
	1.98975		1
	2		1
	2		1
	2		1
	2		1
	2		1
	2		1
	2		1
	2		1
	2		1
	2		1
	2		1
	2		1
	2		1
	2		1
	2		1
	2		1
	2		1
	2		1
	2		1
	2		1
	2		1
	2		1
	2		1
	2		1
	2		1
	2		1
	2		1
	2		1
	2		1
	2		1
	2		1
	2		1
	2		1
	2		1
	2		1
	2		1
	2		1
	2		1
	2		1
	2		1
	2		1
	3.32231e-07		1
	3.32231e-07		1
	3.32231e-07		1
	3.32231e-07		1
	3.32231e-07		1
	3.32231e-07		1
	3.32231e-07		1
	3.24519e-06		1
	3.24519e-06		1
	3.24519e-06		1
	3.24519e-06		1
	3.24519e-06		1
	3.24519e-06		1
	3.24519e-06		1
	3.41701e-06		1
	3.41701e-06		1
	3.41701e-06		1
	3.41701e-06		1
	3.41701e-06		1
	3.41701e-06		1
	3.41701e-06		1
	6.22856e-06		1
	6.22856e-06		1
	6.22856e-06		1
	6.22856e-06		1
	6.22856e-06		1
	6.22856e-06		1
	6.22856e-06		1
	0.000390311		1
	0.000390311		1
	0.000390311		1
	0.000390311		1
	0.000390311		1
	0.000390311		1
	0.000390311		1
	0.000851197		1
	0.00831437		1
	0.00875458		1
	0.015958		1
	0.0533399		1
	0.0972287		1
	0.102377		1
	0.521017		1
	0.548603		1
	0.949716		1
	1		1
	1		1
	1		1
	1		1
	1		1
	1		1
	1		1
	1		1
	1		1
	1		1
	1		1
	1		1
	1		1
	1		1
	1		1
	1		1
	1		1
	1		1
	1		1
	1		1
	1		1
	1		1
	1		1
	1		1
	1		1
	1		1
	1		1
	1		1
	1		1
	1		1
	1		1
	1		1
	1		1
	1		1
	1		1
	1		1
	1		1
	1		1
	1		1
	1		1
	1		1
	1		1
	1.05295		1
	1.82281		1
	1.91932		1
	2		1
	2		1
	2		1
	2		1
	2		1
	2		1
	2		1
	2		1
	2		1
	2		1
	2		1
	2		1
	2		1
	2		1
	2		1
	2		1
	2		1
	2		1
	2		1
	2		1
	2		1
	2		1
	2		1
	2		1
	2		1
	2		1
	2		1
	2		1
	2		1
	2		1
	2		1
	2		1
	2		1
	2		1
	2		1
	2		1
	2		1
	2		1
	2		1
	2		1
	2		1
	2		1
	6.5306e-07		1
	6.5306e-07		1
	6.5306e-07		1
	6.5306e-07		1
	6.5306e-07		1
	6.5306e-07		1
	6.5306e-07		1
	8.59266e-06		1
	8.59266e-06		1
	8.59266e-06		1
	8.59266e-06		1
	8.59266e-06		1
	8.59266e-06		1
	8.59266e-06		1
	8.65906e-06		1
	8.65906e-06		1
	8.65906e-06		1
	8.65906e-06		1
	8.65906e-06		1
	8.65906e-06		1
	8.65906e-06		1
	8.67579e-06		1
	8.67579e-06		1
	8.67579e-06		1
	8.67579e-06		1
	8.67579e-06		1
	8.67579e-06		1
	8.67579e-06		1
	9.46588e-06		1
	9.46588e-06		1
	9.46588e-06		1
	9.46588e-06		1
	9.46588e-06		1
	9.46588e-06		1
	9.46588e-06		1
	0.0689909		1
	0.0752738		1
	0.0754193		1
	0.0760021		1
	0.90775		1
	0.914765		1
	0.916533		1
	0.990418		1
	0.992331		1
	0.998072		1
	1		1
	1		1
	1		1
	1		1
	1		1
	1		1
	1		1
	1		1
	1		1
	1		1
	1		1
	1		1
	1		1
	1		1
	1		1
	1		1
	1		1
	1		1
	1		1
	1		1
	1		1
	1		1
	1		1
	1		1
	1		1
	1		1
	1		1
	1		1
	1		1
	1		1
	1		1
	1		1
	1		1
	1		1
	1		1
	1		1
	1		1
	1		1
	1		1
	1		1
	1		1
	1		1
	1.00193		1
	1.00773		1
	1.00968		1
	1.09107		1
	1.09318		1
	1.10162		1
	2		1
	2		1
	2		1
	2		1
	2		1
	2		1
	2		1
	2		1
	2		1
	2		1
	2		1
	2		1
	2		1
	2		1
	2		1
	2		1
	2		1
	2		1
	2		1
	2		1
	2		1
	2		1
	2		1
	2		1
	2		1
	2		1
	2		1
	2		1
	2		1
	2		1
	2		1
	2		1
	2		1
	2		1
	2		1
	2		1
	2		1
	2		1
	2		1
	1.48496e-08		1
	1.48496e-08		1
	1.48496e-08		1
	1.48496e-08		1
	1.48496e-08		1
	1.48496e-08		1
	1.48496e-08		1
	1.48496e-08		1
	1.48496e-08		1
	3.38474e-07		1
	3.38474e-07		1
	3.38474e-07		1
	3.38474e-07		1
	3.38474e-07		1
	3.38474e-07		1
	3.38474e-07		1
	3.38474e-07		1
	3.38474e-07		1
	3.44563e-07		1
	3.44563e-07		1
	3.44563e-07		1
	3.44563e-07		1
	3.44563e-07		1
	3.44563e-07		1
	3.44563e-07		1
	3.44563e-07		1
	3.44563e-07		1
	0.0430968		1
	0.0438722		1
	0.982328		1
	1		1
	1		1
	1		1
	1		1
	1		1
	1		1
	1		1
	1		1
	1		1
	1		1
	1		1
	1		1
	1		1
	1		1
	1		1
	1		1
	1		1
	1		1
	1		1
	1		1
	1		1
	1		1
	1		1
	1		1
	1		1
	1		1
	1		1
	1		1
	1		1
	1		1
	1		1
	1		1
	1		1
	1		1
	1		1
	1		1
	1		1
	1		1
	1		1
	1		1
	1		1
	1		1
	1		1
	1		1
	1		1
	1		1
	1		1
	1		1
	1		1
	1		1
	1		1
	1		1
	1		1
	1		1
	1		1
	1		1
	1		1
	1		1
	1		1
	1		1
	1		1
	1		1
	1		1
	1		1
	1		1
	1		1
	1		1
	1		1
	1		1
	1		1
	1		1
	1		1
	1.01799		1
	2		1
	2		1
	2		1
	2		1
	2		1
	2		1
	2		1
	2		1
	2		1
	2		1
	2		1
	2		1
	2		1
	2		1
	2		1
	2		1
	2		1
	2		1
	2		1
	2		1
	2		1
	2		1
	2		1
	2		1
	2		1
	2		1
	2		1
	2		1
	2		1
	2.16438e-08		1
	2.16438e-08		1
	2.16438e-08		1
	2.16438e-08		1
	2.16438e-08		1
	2.16438e-08		1
	2.16438e-08		1
	2.16438e-08		1
	2.16438e-08		1
	1.36506e-06		1
	1.36506e-06		1
	1.36506e-06		1
	1.36506e-06		1
	1.36506e-06		1
	1.36506e-06		1
	1.36506e-06		1
	1.36506e-06		1
	1.36506e-06		1
	1.81978e-06		1
	1.81978e-06		1
	1.81978e-06		1
	1.81978e-06		1
	1.81978e-06		1
	1.81978e-06		1
	1.81978e-06		1
	1.81978e-06		1
	1.81978e-06		1
	0.0118936		1
	0.0158555		1
	0.750122		1
	1		1
	1		1
	1		1
	1		1
	1		1
	1		1
	1		1
	1		1
	1		1
	1		1
	1		1
	1		1
	1		1
	1		1
	1		1
	1		1
	1		1
	1		1
	1		1
	1		1
	1		1
	1		1
	1		1
	1		1
	1		1
	1		1
	1		1
	1		1
	1		1
	1		1
	1		1
	1		1
	1		1
	1		1
	1		1
	1		1
	1		1
	1		1
	1		1
	1		1
	1		1
	1		1
	1		1
	1		1
	1		1
	1		1
	1		1
	1		1
	1		1
	1		1
	1		1
	1		1
	1		1
	1		1
	1		1
	1		1
	1		1
	1		1
	1		1
	1		1
	1		1
	1		1
	1		1
	1		1
	1		1
	1		1
	1		1
	1		1
	1		1
	1		1
	1		1
	1		1
	1.33312		1
	2		1
	2		1
	2		1
	2		1
	2		1
	2		1
	2		1
	2		1
	2		1
	2		1
	2		1
	2		1
	2		1
	2		1
	2		1
	2		1
	2		1
	2		1
	2		1
	2		1
	2		1
	2		1
	2		1
	2		1
	2		1
	2		1
	2		1
	2		1
	2		1
	2.79609e-08		1
	2.79609e-08		1
	2.79609e-08		1
	2.79609e-08		1
	2.79609e-08		1
	2.79609e-08		1
	2.79609e-08		1
	2.79609e-08		1
	2.79609e-08		1
	1.36187e-07		1
	1.36187e-07		1
	1.36187e-07		1
	1.36187e-07		1
	1.36187e-07		1
	1.36187e-07		1
	1.36187e-07		1
	1.36187e-07		1
	1.36187e-07		1
	1.66708e-07		1
	1.66708e-07		1
	1.66708e-07		1
	1.66708e-07		1
	1.66708e-07		1
	1.66708e-07		1
	1.66708e-07		1
	1.66708e-07		1
	1.66708e-07		1
	0.167724		1
	0.205312		1
	0.81692		1
	1		1
	1		1
	1		1
	1		1
	1		1
	1		1
	1		1
	1		1
	1		1
	1		1
	1		1
	1		1
	1		1
	1		1
	1		1
	1		1
	1		1
	1		1
	1		1
	1		1
	1		1
	1		1
	1		1
	1		1
	1		1
	1		1
	1		1
	1		1
	1		1
	1		1
	1		1
	1		1
	1		1
	1		1
	1		1
	1		1
	1		1
	1		1
	1		1
	1		1
	1		1
	1		1
	1		1
	1		1
	1		1
	1		1
	1		1
	1		1
	1		1
	1		1
	1		1
	1		1
	1		1
	1		1
	1		1
	1		1
	1		1
	1		1
	1		1
	1		1
	1		1
	1		1
	1		1
	1		1
	1		1
	1		1
	1		1
	1		1
	1		1
	1		1
	1		1
	1		1
	1.22411		1
	2		1
	2		1
	2		1
	2		1
	2		1
	2		1
	2		1
	2		1
	2		1
	2		1
	2		1
	2		1
	2		1
	2		1
	2		1
	2		1
	2		1
	2		1
	2		1
	2		1
	2		1
	2		1
	2		1
	2		1
	2		1
	2		1
	2		1
	2		1
	2		1
	1.35368e-10		1
	1.35368e-10		1
	1.35368e-10		1
	1.35368e-10		1
	1.35368e-10		1
	1.35368e-10		1
	1.35368e-10		1
	1.35368e-10		1
	1.35368e-10		1
	6.47727e-09		1
	6.47727e-09		1
	6.47727e-09		1
	6.47727e-09		1
	6.47727e-09		1
	6.47727e-09		1
	6.47727e-09		1
	6.47727e-09		1
	6.47727e-09		1
	6.47767e-09		1
	6.47767e-09		1
	6.47767e-09		1
	6.47767e-09		1
	6.47767e-09		1
	6.47767e-09		1
	6.47767e-09		1
	6.47767e-09		1
	6.47767e-09		1
	0.0208977		1
	0.020899		1
	0.999939		1
	1		1
	1		1
	1		1
	1		1
	1		1
	1		1
	1		1
	1		1
	1		1
	1		1
	1		1
	1		1
	1		1
	1		1
	1		1
	1		1
	1		1
	1		1
	1		1
	1		1
	1		1
	1		1
	1		1
	1		1
	1		1
	1		1
	1		1
	1		1
	1		1
	1		1
	1		1
	1		1
	1		1
	1		1
	1		1
	1		1
	1		1
	1		1
	1		1
	1		1
	1		1
	1		1
	1		1
	1		1
	1		1
	1		1
	1		1
	1		1
	1		1
	1		1
	1		1
	1		1
	1		1
	1		1
	1		1
	1		1
	1		1
	1		1
	1		1
	1		1
	1		1
	1		1
	1		1
	1		1
	1		1
	1		1
	1		1
	1		1
	1		1
	1		1
	1		1
	1		1
	1.00006		1
	2		1
	2		1
	2		1
	2		1
	2		1
	2		1
	2		1
	2		1
	2		1
	2		1
	2		1
	2		1
	2		1
	2		1
	2		1
	2		1
	2		1
	2		1
	2		1
	2		1
	2		1
	2		1
	2		1
	2		1
	2		1
	2		1
	2		1
	2		1
	2		1
	3.87517e-10		1
	3.87517e-10		1
	3.87517e-10		1
	3.87517e-10		1
	3.87517e-10		1
	3.87517e-10		1
	3.87517e-10		1
	3.87517e-10		1
	3.87517e-10		1
	3.9374e-09		1
	3.9374e-09		1
	3.9374e-09		1
	3.9374e-09		1
	3.9374e-09		1
	3.9374e-09		1
	3.9374e-09		1
	3.9374e-09		1
	3.9374e-09		1
	3.996e-08		1
	3.996e-08		1
	3.996e-08		1
	3.996e-08		1
	3.996e-08		1
	3.996e-08		1
	3.996e-08		1
	3.996e-08		1
	3.996e-08		1
	0.00969762		1
	0.0984196		1
	0.0985334		1
	1		1
	1		1
	1		1
	1		1
	1		1
	1		1
	1		1
	1		1
	1		1
	1		1
	1		1
	1		1
	1		1
	1		1
	1		1
	1		1
	1		1
	1		1
	1		1
	1		1
	1		1
	1		1
	1		1
	1		1
	1		1
	1		1
	1		1
	1		1
	1		1
	1		1
	1		1
	1		1
	1		1
	1		1
	1		1
	1		1
	1		1
	1		1
	1		1
	1		1
	1		1
	1		1
	1		1
	1		1
	1		1
	1		1
	1		1
	1		1
	1		1
	1		1
	1		1
	1		1
	1		1
	1		1
	1		1
	1		1
	1		1
	1		1
	1		1
	1		1
	1		1
	1		1
	1		1
	1		1
	1		1
	1		1
	1		1
	1		1
	1		1
	1		1
	1		1
	1		1
	2		1
	2		1
	2		1
	2		1
	2		1
	2		1
	2		1
	2		1
	2		1
	2		1
	2		1
	2		1
	2		1
	2		1
	2		1
	2		1
	2		1
	2		1
	2		1
	2		1
	2		1
	2		1
	2		1
	2		1
	2		1
	2		1
	2		1
	2		1
	2		1
	2		1
	3.50553e-10		1
	3.50553e-10		1
	3.50553e-10		1
	3.50553e-10		1
	3.50553e-10		1
	3.50553e-10		1
	3.50553e-10		1
	3.50553e-10		1
	3.50553e-10		1
	1.66829e-09		1
	1.66829e-09		1
	1.66829e-09		1
	1.66829e-09		1
	1.66829e-09		1
	1.66829e-09		1
	1.66829e-09		1
	1.66829e-09		1
	1.66829e-09		1
	1.35329e-08		1
	1.35329e-08		1
	1.35329e-08		1
	1.35329e-08		1
	1.35329e-08		1
	1.35329e-08		1
	1.35329e-08		1
	1.35329e-08		1
	1.35329e-08		1
	0.0259038		1
	0.123276		1
	0.210127		1
	1		1
	1		1
	1		1
	1		1
	1		1
	1		1
	1		1
	1		1
	1		1
	1		1
	1		1
	1		1
	1		1
	1		1
	1		1
	1		1
	1		1
	1		1
	1		1
	1		1
	1		1
	1		1
	1		1
	1		1
	1		1
	1		1
	1		1
	1		1
	1		1
	1		1
	1		1
	1		1
	1		1
	1		1
	1		1
	1		1
	1		1
	1		1
	1		1
	1		1
	1		1
	1		1
	1		1
	1		1
	1		1
	1		1
	1		1
	1		1
	1		1
	1		1
	1		1
	1		1
	1		1
	1		1
	1		1
	1		1
	1		1
	1		1
	1		1
	1		1
	1		1
	1		1
	1		1
	1		1
	1		1
	1		1
	1		1
	1		1
	1		1
	1		1
	1		1
	1		1
	2		1
	2		1
	2		1
	2		1
	2		1
	2		1
	2		1
	2		1
	2		1
	2		1
	2		1
	2		1
	2		1
	2		1
	2		1
	2		1
	2		1
	2		1
	2		1
	2		1
	2		1
	2		1
	2		1
	2		1
	2		1
	2		1
	2		1
	2		1
	2		1
	2		1
