	0.269541		0.962714
	0.43905		0.962714
	0.449387		0.533952
	0.449387		0.533952
	0.449387		0.533952
	0.457153		0.764943
	0.482469		1.25854
	0.482469		1.25854
	0.482469		1.25854
	0.500051		1.803
	0.50237		1.49529
	0.536538		0.64383
	0.539026		0.533952
	0.558669		0.764943
	0.558669		0.764943
	0.558669		0.764943
	0.589607		1.25854
	0.599796		1.803
	0.599796		1.803
	0.599796		1.803
	0.613917		1
	0.74465		0.764943
	0.762181		0.424262
	0.762181		0.424262
	0.762181		0.424262
	0.814526		1.803
	0.81829		1
	0.81829		1
	0.81829		1
	0.818302		1.49529
	0.833702		1
	0.833702		1
	0.833702		1
	0.837567		0.829336
	0.837567		0.829336
	0.837567		0.829336
	0.895076		2
	0.895076		2
	0.895076		2
	0.899226		1.95477
	0.899226		1.95477
	0.899226		1.95477
	0.909994		0.511568
	0.910008		0.764943
	0.910008		0.764943
	0.910008		0.764943
	0.914212		0.424262
	0.931431		0.424262
	0.931431		0.424262
	0.931431		0.424262
	0.931431		0.424262
	0.931431		0.424262
	0.931431		0.424262
	0.931431		0.424262
	0.931431		0.424262
	0.931431		0.424262
	0.976999		1.803
	0.976999		1.803
	0.976999		1.803
	0.995385		1.20578
	1		1
	1		1
	1		1
	1		1
	1		1
	1		1
	1		1
	1		1
	1		1
	1		1
	1		1
	1		1
	1.00464		0.829336
	1.02354		0.554632
	1.02354		0.554632
	1.02354		0.554632
	1.07362		2
	1.07362		2
	1.07362		2
	1.07362		2
	1.07362		2
	1.07362		2
	1.07362		2
	1.07362		2
	1.07362		2
	1.09384		2
	1.09889		1.30729
	1.09889		1.30729
	1.09889		1.30729
	1.09891		1.95477
	1.11207		0.511568
	1.11207		0.511568
	1.11207		0.511568
	1.11722		0.424262
	1.11722		0.424262
	1.11722		0.424262
	1.19393		1.20578
	1.19393		1.20578
	1.19393		1.20578
	1.19947		1
	1.19947		1
	1.19947		1
	1.22204		0.668766
	1.22206		1
	1.22206		1
	1.22206		1
	1.22771		0.554632
	1.31203		2
	1.31203		2
	1.31203		2
	1.34291		1.30729
	1.62888		1
	1.66723		0.554632
	1.66723		0.554632
	1.66723		0.554632
	1.69605		0.79457
	1.78997		1.30729
	1.78997		1.30729
	1.78997		1.30729
	1.8552		1.87283
	1.8638		1.5532
	1.99057		0.668766
	1.99979		0.554632
	2		0.79457
	2		0.79457
	2		0.79457
	2		1.30729
	2		1.87283
	2		1.87283
	2		1.87283
	2		1.03873
	2		1.03873
	0.0285757		0.744304
	0.0488516		0.744304
	0.0557941		2
	0.0574038		0.745109
	0.0574038		2
	0.0574038		2
	0.0574038		2
	0.0574038		2
	0.0574038		0.745109
	0.11688		0.119497
	0.116957		0.99892
	0.199812		0.119497
	0.199945		0.99892
	0.228208		0.380367
	0.228359		2
	0.234792		0.119627
	0.234792		1
	0.234792		0.119627
	0.234792		1
	0.234792		1
	0.234792		1
	0.234948		2
	0.234948		1
	0.234948		2
	0.234948		2
	0.234948		2
	0.234948		1
	0.244326		0.745109
	0.244488		2
	0.497801		0.119497
	0.497801		0.119497
	0.497801		0.119497
	0.497801		0.99892
	0.497801		0.119497
	0.497801		0.99892
	0.512163		0.314164
	0.584949		1
	0.851017		0.99892
	0.851017		0.99892
	0.851017		0.119497
	0.851017		0.119497
	0.851017		0.119497
	0.851017		0.119497
	0.87557		0.314164
	0.971957		2
	0.971957		2
	0.971957		0.380367
	0.971957		0.380367
	0.971957		0.380367
	0.971957		0.380367
	0.999338		0.119627
	1		1
	1		0.119627
	1		0.119627
	1		1
	1		1
	1		2
	1		1
	1		0.119627
	1		1
	1		1
	1		2
	1		0.119627
	1		0.119627
	1		1
	1		2
	1		1
	1		1
	1		0.119627
	1		1
	1		2
	1		2
	1		0.119627
	1		1
	1		1
	1		1
	1		0.119627
	1		1
	1		2
	1		2
	1		2
	1.00066		2
	1.02885		0.314503
	1.02885		2
	1.02885		2
	1.02885		2
	1.02885		2
	1.02885		0.314503
	1.14211		2
	1.17507		1.00108
	1.17507		2
	1.17507		1.00108
	1.17507		2
	1.17507		2
	1.17507		2
	1.70955		1
	1.9525		2
	2		2
	2		2
	2		1.00108
	2		2
	2		2
	2		1.00108
	2		0.160549
	2		1.34209
	2		1
	2		0.119627
	2		0.119627
	2		0.119627
	2		0.119627
	2		1
	2		2
	2		1
	2		1
	2		1
	2		1
	2		2
	2		0.314503
	2		2
	2		1.00108
	2		2
	2		1.00108
	2		2
	2		1.34209
	2		0.160549
	2		1.34209
	2		0.160549
	2		0.160549
	2		0.160549
	2		0.42209
	2		1.34354
	2		1.34354
	0.246343		0.430999
	0.252892		0.0405145
	0.264129		0.0408884
	0.33069		0.0877064
	0.333398		0.0409224
	0.340782		1
	0.348867		0.0413567
	0.348867		0.0413567
	0.348867		0.0413567
	0.348867		0.0413567
	0.348867		0.0413567
	0.706121		2
	0.706121		2
	0.706121		2
	0.706121		2
	0.706121		2
	0.722875		0.430999
	0.724893		0.979634
	0.724893		0.979634
	0.724893		0.979634
	0.724893		0.979634
	0.724893		0.979634
	0.738885		2
	0.742092		0.0405145
	0.744936		2
	0.757105		0.988677
	0.757105		0.988677
	0.757105		0.988677
	0.757105		0.988677
	0.757105		0.988677
	0.758528		0.99003
	0.76474		0.461933
	0.775068		0.0408884
	0.792234		0.999169
	0.798722		0.466197
	0.93266		2
	0.947895		2
	0.947895		2
	0.947895		2
	0.947895		2
	0.947895		2
	0.955658		0.989499
	0.955658		0.989499
	0.955658		0.989499
	0.955658		0.989499
	0.955658		0.989499
	0.957454		0.990853
	0.970385		0.0877064
	0.974104		2
	0.976823		2
	0.976823		2
	0.976823		2
	0.976823		2
	0.976823		2
	0.978332		0.0409224
	0.991877		2
	1		1
	1		1
	1		1
	1		1
	1		1
	1		1
	1		1
	1		1
	1		1
	1		1
	1		1
	1		1
	1		1
	1		1
	1		1
	1		1
	1		1
	1		1
	1		1
	1		1
	1.00819		0.466584
	1.02215		2
	1.02373		0.0413567
	1.02373		0.0413567
	1.02373		0.0413567
	1.02373		0.0413567
	1.02373		0.0413567
	1.02658		0.0940013
	1.03052		2
	1.04444		1.00923
	1.0464		1.01061
	1.0464		1.01061
	1.0464		1.01061
	1.0464		1.01061
	1.0464		1.01061
	1.05497		0.471536
	1.05497		0.471536
	1.05497		0.471536
	1.05497		0.471536
	1.05497		0.471536
	1.0722		0.094869
	1.252		2
	1.26225		1.00083
	1.29021		2
	1.30763		2
	1.31834		1.01007
	1.32082		1.01145
	1.32082		1.01145
	1.32082		1.01145
	1.32082		1.01145
	1.32082		1.01145
	1.3424		0.203496
	1.34754		2
	1.35339		0.0949479
	1.37951		1.02079
	1.37951		1.02079
	1.37951		1.02079
	1.37951		1.02079
	1.37951		1.02079
	1.38336		2
	1.41619		0.0959556
	1.41619		0.0959556
	1.41619		0.0959556
	1.41619		0.0959556
	1.41619		0.0959556
	2		2
	2		2
	2		2
	2		2
	2		2
	2		1
	2		2
	2		2
	2		2
	2		2
	2		2
	0.0810309		2
	0.0810309		2
	0.0810309		2
	0.116466		2
	0.134601		0.997843
	0.134601		0.997843
	0.134601		0.997843
	0.134601		0.997843
	0.134601		0.997843
	0.134601		0.997843
	0.134601		0.997843
	0.134601		0.997843
	0.134601		0.997843
	0.134601		0.997843
	0.134601		0.997843
	0.134601		0.997843
	0.135117		1
	0.135117		1
	0.135117		1
	0.148773		2
	0.193462		0.684583
	0.193462		0.684583
	0.193462		0.684583
	0.193462		0.684583
	0.194204		0.686063
	0.230188		2
	0.247127		1.00151
	0.247127		1.00151
	0.247127		1.00151
	0.247127		1.00151
	0.248075		1.00368
	0.352021		0.996307
	0.352021		0.996307
	0.352021		0.996307
	0.382366		1.00154
	0.382366		1.00154
	0.382366		1.00154
	0.382366		1.00154
	0.383833		1.00371
	0.50596		0.683529
	0.544663		0.996336
	0.544663		0.996336
	0.544663		0.996336
	0.599709		2
	0.602009		2
	0.602009		2
	0.602009		2
	0.602009		2
	0.646309		0.999971
	0.695748		1.45759
	0.695748		1.45759
	0.695748		1.45759
	0.782845		0.683549
	0.99618		0.997843
	0.99618		0.997843
	0.99618		0.997843
	0.99618		0.997843
	1		1
	1		1
	1		1
	1		1
	1		1
	1		1
	1		1
	1		1
	1		1
	1		1
	1		1
	1		1
	1		1
	1		1
	1		1
	1		1
	1		1
	1		1
	1.00383		1.00216
	1.00383		1.00216
	1.00383		1.00216
	1.00383		1.00216
	1.27739		1.46295
	1.4373		0.686063
	1.4373		0.686063
	1.4373		0.686063
	1.54725		1.00003
	1.66111		0.153108
	1.66111		0.153108
	1.66111		0.153108
	1.66111		0.153108
	1.66748		0.153439
	1.836		1.00368
	1.836		1.00368
	1.836		1.00368
	1.97644		1.463
	2		0.996307
	2		0.998461
	2		0.998461
	2		0.998461
	2		0.998461
	2		1.00371
	2		1.00371
	2		1.00371
	2		0.996336
	2		0.99849
	2		0.99849
	2		0.99849
	2		0.99849
	2		0.152872
	2		1.45759
	2		1.46074
	2		1.46074
	2		1.46074
	2		1.46074
	2		0.152876
	2		1
	2		1
	2		1
	2		1.00216
	2		1.00216
	2		1.00216
	2		1.00216
	2		1.00216
	2		1.00216
	2		1.00216
	2		1.00216
	2		1.00216
	2		1.00216
	2		1.00216
	2		1.00216
	2		0.223651
	2		0.153439
	2		0.153439
	2		0.153439
	0.0444158		0.283458
	0.0444158		0.283458
	0.0477567		0.283458
	0.0740308		0.283458
	0.0787542		0.449682
	0.0821183		2
	0.0821183		2
	0.0821183		2
	0.0821183		2
	0.0821183		2
	0.167974		2
	0.26442		0.110546
	0.26442		0.110546
	0.28431		0.110546
	0.440727		0.110546
	0.468846		0.175372
	0.488874		1
	0.488874		1
	0.488874		1
	0.488874		1
	0.488874		1
	0.540876		0.110546
	0.540876		0.110546
	0.540876		0.110546
	0.540876		0.110546
	0.540876		0.110546
	0.540876		0.110546
	0.540876		0.110546
	0.540876		0.110546
	0.540876		0.110546
	0.540876		0.110546
	0.563981		0.630353
	0.563981		0.630353
	0.58156		0.110546
	0.58156		0.110546
	0.58156		0.110546
	0.58156		0.110546
	0.58156		0.110546
	0.599964		1
	0.599964		1
	0.606402		0.630353
	0.645092		1
	0.901514		0.110546
	0.901514		0.110546
	0.901514		0.110546
	0.901514		0.110546
	0.901514		0.110546
	0.930044		1
	0.930044		1
	0.940024		0.630353
	0.959033		0.175372
	0.959033		0.175372
	0.959033		0.175372
	0.959033		0.175372
	0.959033		0.175372
	1		1
	1		1
	1		1
	1		1
	1		1
	1		1
	1		1
	1		1
	1		1
	1		1
	1		1
	1		1
	1		1
	1		1
	1		1
	1		1
	1		1
	1		1
	1		1
	1		1
	1		1
	1		1
	1.04272		2
	1.04272		2
	1.04272		2
	1.04272		2
	1.04272		2
	1.0638		1.58641
	1.07522		1
	1.07522		1
	1.10925		2
	1.10925		2
	1.10925		2
	1.10925		2
	1.10925		2
	1.55017		1
	1.64907		1.58641
	1.66677		1
	1.66677		1
	1.71951		2
	1.71951		2
	1.71951		2
	1.71951		2
	1.71951		2
	1.77311		1.58641
	1.77311		1.58641
	1.84885		2
	1.84885		2
	1.84885		2
	1.84885		2
	1.84885		2
	1.84885		2
	1.84885		2
	1.84885		2
	1.84885		2
	1.84885		2
	2		1
	2		1
	2		1
	2		1
	2		1
	2		2
	2		2
	2		2
	2		2
	2		2
	2		0.389991
	2		0.389991
	2		0.389991
	2		0.389991
	2		0.389991
	2		0.389991
	2		2
	2		2
	2		2
	2		2
	2		2
	0.266542		0.0394107
	0.292301		0.19165
	0.316012		0.0164008
	0.316012		0.0164008
	0.316012		0.0164008
	0.316012		0.0164008
	0.316012		0.0164008
	0.316012		0.0164008
	0.31997		1
	0.31997		1
	0.31997		1
	0.833022		0.0394107
	0.833022		0.0394107
	0.833022		0.0394107
	0.843456		2
	0.843456		2
	0.843456		2
	0.843456		2
	0.843456		2
	0.843456		2
	0.911876		0.205639
	0.913526		0.19165
	0.913526		0.19165
	0.913526		0.19165
	0.924968		2
	0.924968		2
	0.924968		2
	0.924968		2
	0.924968		2
	0.924968		2
	0.987629		0.0164008
	0.987629		0.0164008
	0.987629		0.0164008
	0.987629		0.0164008
	0.987629		0.0164008
	0.987629		0.0164008
	0.987629		0.0164008
	0.987629		0.0164008
	0.987629		0.0164008
	0.987629		0.0164008
	0.987629		0.0164008
	0.987629		0.0164008
	0.987629		0.0164008
	0.987629		0.0164008
	0.987629		0.0164008
	0.987629		0.0164008
	0.987629		0.0164008
	0.987629		0.0164008
	1		1
	1		1
	1		1
	1		1
	1		1
	1		1
	1		1
	1		1
	1		1
	1		1
	1		1
	1		1
	1		1
	1		1
	1		1
	1		1
	1		1
	1		1
	1		1
	1		1
	1		1
	1		1
	1		1
	1		1
	1		1
	1		1
	1		1
	1		1
	1		1
	1		1
	1		1
	1		1
	1		1
	1		1
	1		1
	1		1
	1.01253		2
	1.01253		2
	1.01253		2
	1.01253		2
	1.01253		2
	1.01253		2
	1.01253		2
	1.01253		2
	1.01253		2
	1.01253		2
	1.01253		2
	1.01253		2
	1.01253		2
	1.01253		2
	1.01253		2
	1.01253		2
	1.01253		2
	1.01253		2
	1.08112		0.0855771
	1.08112		0.0855771
	1.08112		0.0855771
	1.08112		0.0855771
	1.08112		0.0855771
	1.08112		0.0855771
	1.09466		2
	1.09466		2
	1.09466		2
	1.09664		2
	1.1856		0.416151
	1.1856		0.416151
	1.1856		0.416151
	1.1856		0.416151
	1.1856		0.416151
	1.1856		0.416151
	1.20045		2
	1.20045		2
	1.20045		2
	2		1
	2		1
	2		1
	2		2
	2		2
	2		2
	2		2
	2		2
	2		2
	2		2
	2		2
	0.662351		0.0271623
	0.662351		0.0271623
	0.662351		0.0271623
	0.662351		0.0266919
	0.662351		0.0271623
	0.662351		0.0271623
	0.662351		0.0271623
	0.747042		2
	0.788866		0.0958168
	0.80627		0.0271623
	0.80627		0.0271623
	0.821499		1
	0.821499		1
	0.821499		0.982682
	0.821499		1
	0.821499		1
	0.821499		1
	0.821499		1
	0.821499		1
	0.821499		1
	0.821499		1
	0.821499		0.982682
	0.821499		1
	0.821499		1
	0.821499		1
	0.839624		0.278573
	0.839624		0.283482
	0.839624		0.283482
	0.839624		0.283482
	0.839624		0.283482
	0.839624		0.283482
	0.839624		0.283482
	0.88663		0.00409579
	0.88663		0.00409579
	0.88663		0.00409579
	0.88663		0.00409579
	0.88663		0.00402486
	0.88663		0.00409579
	0.88663		0.00409579
	0.926541		2
	0.926541		2
	0.946983		2
	0.978414		2
	0.978414		2
	1		1.01762
	1		1
	1		1.01762
	1		1
	1		1
	1		1.01762
	1		1.01762
	1		1.01762
	1		1.01762
	1		1
	1		1
	1		1
	1		0.982682
	1		1
	1		1
	1		1
	1		0.982682
	1		1
	1		1
	1		1
	1		1
	1		1
	1		0.982682
	1		1
	1		1
	1		0.982682
	1		1
	1		1
	1		1
	1		1
	1		1
	1		1
	1		1
	1		1
	1		1
	1		0.982682
	1		1
	1		1
	1		1
	1		1
	1		1
	1		0.982682
	1		1
	1		1
	1.02206		0.283482
	1.02206		0.283482
	1.05599		0.0144481
	1.07928		0.00409579
	1.07928		0.00409579
	1.12787		2
	1.12787		2
	1.12787		2
	1.12787		2
	1.12787		2
	1.12787		2
	1.12787		2
	1.19101		2
	1.19101		2
	1.19101		2
	1.19101		2
	1.19101		2
	1.19101		2
	1.19101		2
	1.21729		1
	1.21729		1
	1.21729		1
	1.21729		1
	1.21729		1
	1.21729		1
	1.21729		1
	1.21729		1
	1.21729		1
	1.21729		1.01762
	1.21729		1.01762
	1.21729		1
	1.21729		1
	1.21729		1
	1.24028		2
	1.24028		2
	1.26764		2
	1.33861		0.150789
	1.50977		2
	1.50977		2
	1.50977		2
	1.50977		2
	1.50977		2
	1.50977		2
	1.50977		2
	0.429949		0.99972
	0.436839		0.99961
	0.436839		1
	0.436839		0.999563
	0.436839		1
	0.436839		0.999563
	0.50517		2
	0.526989		2
	0.573661		1
	0.575168		2
	0.576597		0.0183306
	0.585837		0.0183358
	0.585837		0.0183278
	0.585837		0.0183278
	0.585837		0.0183358
	0.585837		0.0183286
	0.677474		0.59094
	0.706736		0.0558602
	0.745666		2
	0.74752		0.0143916
	0.749484		0.99972
	0.759498		0.0143893
	0.759498		0.0143956
	0.759498		0.0143893
	0.759498		0.0143956
	0.759498		0.01439
	0.761493		0.99961
	0.761493		1
	0.761493		0.999563
	0.761493		1
	0.761493		0.999563
	0.769326		0.0183358
	0.771347		1.2737
	0.81586		0.328152
	0.828933		0.328244
	0.828933		0.3281
	0.828933		0.3281
	0.828933		0.328244
	0.828933		0.328116
	0.851099		0.0310195
	0.864737		0.0310146
	0.864737		0.0310161
	0.864737		0.0310282
	0.864737		0.0310282
	0.864737		0.0310146
	0.878299		0.463954
	0.880607		2
	0.916236		0.0438565
	0.918643		2
	0.958596		2
	0.984229		1.00016
	0.984229		0.99972
	0.984229		1.00016
	0.984229		0.99972
	0.984229		1.00011
	0.99738		0.0143956
	1		0.99961
	1		1
	1		1.00039
	1		0.999953
	1		0.999563
	1		0.999563
	1		0.999953
	1		1.00039
	1		1.00005
	1		1.00044
	1		1.00044
	1		1
	1		0.99961
	1		1
	1		0.999563
	1		1.00044
	1		0.999563
	1		1
	1		1.00044
	1		1.00005
	1.00263		2
	1.01602		1.00028
	1.01602		0.999843
	1.01602		1.00028
	1.01602		0.99989
	1.01602		0.999843
	1.04319		0.0945278
	1.08856		0.328244
	1.09142		2
	1.13558		0.0310282
	1.13856		2
	1.15642		2
	1.15642		2
	1.15642		2
	1.15642		2
	1.15642		2
	1.17495		2
	1.20637		2
	1.20637		2
	1.20637		2
	1.20637		2
	1.20637		2
	1.2257		2
	1.29643		0.785112
	1.29984		2
	1.31321		1.00044
	1.31321		1
	1.31321		1
	1.31321		1.00039
	1.31321		1.00044
	1.31666		2
	1.31666		2
	1.31666		2
	1.31666		2
	1.31666		2
	1.33425		1.00028
	1.33776		2
	1.34108		0.0183358
	1.41496		2
	1.47607		1.69222
	1.70696		2
	1.70696		2
	1.70696		2
	1.70696		2
	1.70696		2
	1.73431		2
	1.73862		0.0143956
	1.74319		1
	1.89757		0.328244
	1.97953		0.0310282
	2		1.00039
	2		1
	2		1.00044
	2		1
	2		1.00044
	2		1.00028
