	0.555632		1
	0.555632		1
	0.555632		1
	0.555632		1
	0.555632		1
	0.555632		1
	0.555632		1
	0.555632		1
	0.555632		1
	0.555632		1
	0.680483		1
	0.816527		1
	0.816527		1
	0.816527		1
	0.816527		1
	0.816527		1
	0.816527		1
	0.816527		1
	0.816527		1
	0.816527		1
	0.816527		1
	1		1
	1		1
	1		1
	1		1
	1		1
	1		1
	1		1
	1		1
	1		1
	1		1
	1		1
	1		1
	1		1
	1		1
	1		1
	1		1
	1		1
	1		1
	1		1
	1		1
	1		1
	1		1
	1		1
	1		1
	1		1
	1		1
	1		1
	1		1
	1		1
	1		1
	1		1
	1		1
	1		1
	1		1
	1		1
	1		1
	1		1
	1		1
	1		1
	1		1
	1		1
	1		1
	1		1
	1		1
	1		1
	1		1
	1		1
	1		1
	1		1
	1		1
	1		1
	1		1
	1		1
	1		1
	1		1
	1		1
	1		1
	1		1
	1		1
	1		1
	1		1
	1		1
	1		1
	1		1
	1		1
	1		1
	1		1
	1		1
	1		1
	1		1
	1		1
	1		1
	1		1
	1		1
	1		1
	1		1
	1		1
	1		1
	1		1
	1		1
	1		1
	1		1
	1		1
	1		1
	1		1
	1		1
	1		1
	1		1
	1		1
	1		1
	1.2247		1
	1.2247		1
	1.2247		1
	1.2247		1
	1.2247		1
	1.2247		1
	1.2247		1
	1.2247		1
	1.2247		1
	1.2247		1
	1.46955		1
	1.79975		1
	1.79975		1
	1.79975		1
	1.79975		1
	1.79975		1
	1.79975		1
	1.79975		1
	1.79975		1
	1.79975		1
	1.79975		1
	0.857463		1
	0.857463		1
	0.857463		1
	0.857463		1
	0.857463		1
	0.857463		1
	0.857463		1
	0.857463		1
	0.857463		1
	0.857463		1
	0.864415		1
	0.991957		1
	0.991957		1
	0.991957		1
	0.991957		1
	0.991957		1
	0.991957		1
	0.991957		1
	0.991957		1
	0.991957		1
	0.991957		1
	1		1
	1		1
	1		1
	1		1
	1		1
	1		1
	1		1
	1		1
	1		1
	1		1
	1		1
	1		1
	1		1
	1		1
	1		1
	1		1
	1		1
	1		1
	1		1
	1		1
	1		1
	1		1
	1		1
	1		1
	1		1
	1		1
	1		1
	1		1
	1		1
	1		1
	1		1
	1		1
	1		1
	1		1
	1		1
	1		1
	1		1
	1		1
	1		1
	1		1
	1		1
	1		1
	1		1
	1		1
	1		1
	1		1
	1		1
	1		1
	1		1
	1		1
	1		1
	1		1
	1		1
	1		1
	1		1
	1		1
	1		1
	1		1
	1		1
	1		1
	1		1
	1		1
	1		1
	1		1
	1		1
	1		1
	1		1
	1		1
	1		1
	1		1
	1		1
	1		1
	1		1
	1		1
	1		1
	1		1
	1		1
	1		1
	1		1
	1		1
	1		1
	1		1
	1		1
	1		1
	1		1
	1		1
	1		1
	1		1
	1		1
	1		1
	1.00811		1
	1.00811		1
	1.00811		1
	1.00811		1
	1.00811		1
	1.00811		1
	1.00811		1
	1.00811		1
	1.00811		1
	1.00811		1
	1.15685		1
	1.16623		1
	1.16623		1
	1.16623		1
	1.16623		1
	1.16623		1
	1.16623		1
	1.16623		1
	1.16623		1
	1.16623		1
	1.16623		1
	0.672622		1
	0.672622		1
	0.672622		1
	0.672622		1
	0.672622		1
	0.672622		1
	0.672622		1
	0.672622		1
	0.672622		1
	0.672622		1
	0.672622		1
	1		1
	1		1
	1		1
	1		1
	1		1
	1		1
	1		1
	1		1
	1		1
	1		1
	1		1
	1		1
	1		1
	1		1
	1		1
	1		1
	1		1
	1		1
	1		1
	1		1
	1		1
	1		1
	1		1
	1		1
	1		1
	1		1
	1		1
	1		1
	1		1
	1		1
	1		1
	1		1
	1		1
	1		1
	1		1
	1		1
	1		1
	1		1
	1		1
	1		1
	1		1
	1		1
	1		1
	1		1
	1		1
	1		1
	1		1
	1		1
	1		1
	1		1
	1		1
	1		1
	1		1
	1		1
	1		1
	1		1
	1		1
	1		1
	1		1
	1		1
	1		1
	1		1
	1		1
	1		1
	1		1
	1		1
	1		1
	1		1
	1		1
	1		1
	1		1
	1		1
	1		1
	1		1
	1		1
	1		1
	1		1
	1		1
	1		1
	1		1
	1		1
	1		1
	1		1
	1		1
	1		1
	1		1
	1		1
	1		1
	1		1
	1		1
	1		1
	1		1
	1		1
	1		1
	1		1
	1		1
	1		1
	1		1
	1		1
	1		1
	1		1
	1		1
	1		1
	1		1
	1		1
	1		1
	1		1
	1		1
	1		1
	1		1
	1.48672		1
	1.48672		1
	1.48672		1
	1.48672		1
	1.48672		1
	1.48672		1
	1.48672		1
	1.48672		1
	1.48672		1
	1.48672		1
	1.48672		1
	0.728643		1
	0.728643		1
	0.728643		1
	0.728643		1
	0.728643		1
	0.728643		1
	0.728643		1
	0.728643		1
	0.728643		1
	0.728643		1
	0.728643		1
	1		1
	1		1
	1		1
	1		1
	1		1
	1		1
	1		1
	1		1
	1		1
	1		1
	1		1
	1		1
	1		1
	1		1
	1		1
	1		1
	1		1
	1		1
	1		1
	1		1
	1		1
	1		1
	1		1
	1		1
	1		1
	1		1
	1		1
	1		1
	1		1
	1		1
	1		1
	1		1
	1		1
	1		1
	1		1
	1		1
	1		1
	1		1
	1		1
	1		1
	1		1
	1		1
	1		1
	1		1
	1		1
	1		1
	1		1
	1		1
	1		1
	1		1
	1		1
	1		1
	1		1
	1		1
	1		1
	1		1
	1		1
	1		1
	1		1
	1		1
	1		1
	1		1
	1		1
	1		1
	1		1
	1		1
	1		1
	1		1
	1		1
	1		1
	1		1
	1		1
	1		1
	1		1
	1		1
	1		1
	1		1
	1		1
	1		1
	1		1
	1		1
	1		1
	1		1
	1		1
	1		1
	1		1
	1		1
	1		1
	1		1
	1		1
	1		1
	1		1
	1		1
	1		1
	1		1
	1		1
	1		1
	1		1
	1		1
	1		1
	1		1
	1		1
	1		1
	1		1
	1		1
	1		1
	1		1
	1		1
	1		1
	1		1
	1.37241		1
	1.37241		1
	1.37241		1
	1.37241		1
	1.37241		1
	1.37241		1
	1.37241		1
	1.37241		1
	1.37241		1
	1.37241		1
	1.37241		1
	0.834475		1
	0.834475		1
	0.834475		1
	0.834475		1
	0.834475		1
	0.834475		1
	0.834475		1
	0.834475		1
	0.834475		1
	0.834475		1
	0.834475		1
	1		1
	1		1
	1		1
	1		1
	1		1
	1		1
	1		1
	1		1
	1		1
	1		1
	1		1
	1		1
	1		1
	1		1
	1		1
	1		1
	1		1
	1		1
	1		1
	1		1
	1		1
	1		1
	1		1
	1		1
	1		1
	1		1
	1		1
	1		1
	1		1
	1		1
	1		1
	1		1
	1		1
	1		1
	1		1
	1		1
	1		1
	1		1
	1		1
	1		1
	1		1
	1		1
	1		1
	1		1
	1		1
	1		1
	1		1
	1		1
	1		1
	1		1
	1		1
	1		1
	1		1
	1		1
	1		1
	1		1
	1		1
	1		1
	1		1
	1		1
	1		1
	1		1
	1		1
	1		1
	1		1
	1		1
	1		1
	1		1
	1		1
	1		1
	1		1
	1		1
	1		1
	1		1
	1		1
	1		1
	1		1
	1		1
	1		1
	1		1
	1		1
	1		1
	1		1
	1		1
	1		1
	1		1
	1		1
	1		1
	1		1
	1		1
	1		1
	1		1
	1		1
	1		1
	1		1
	1		1
	1		1
	1		1
	1		1
	1		1
	1		1
	1		1
	1		1
	1		1
	1		1
	1		1
	1		1
	1		1
	1		1
	1		1
	1.19836		1
	1.19836		1
	1.19836		1
	1.19836		1
	1.19836		1
	1.19836		1
	1.19836		1
	1.19836		1
	1.19836		1
	1.19836		1
	1.19836		1
	0.547341		1
	0.547341		1
	0.547341		1
	0.547341		1
	0.547341		1
	0.547341		1
	0.547341		1
	0.547341		1
	0.547341		1
	0.547341		1
	0.547341		1
	1		1
	1		1
	1		1
	1		1
	1		1
	1		1
	1		1
	1		1
	1		1
	1		1
	1		1
	1		1
	1		1
	1		1
	1		1
	1		1
	1		1
	1		1
	1		1
	1		1
	1		1
	1		1
	1		1
	1		1
	1		1
	1		1
	1		1
	1		1
	1		1
	1		1
	1		1
	1		1
	1		1
	1		1
	1		1
	1		1
	1		1
	1		1
	1		1
	1		1
	1		1
	1		1
	1		1
	1		1
	1		1
	1		1
	1		1
	1		1
	1		1
	1		1
	1		1
	1		1
	1		1
	1		1
	1		1
	1		1
	1		1
	1		1
	1		1
	1		1
	1		1
	1		1
	1		1
	1		1
	1		1
	1		1
	1		1
	1		1
	1		1
	1		1
	1		1
	1		1
	1		1
	1		1
	1		1
	1		1
	1		1
	1		1
	1		1
	1		1
	1		1
	1		1
	1		1
	1		1
	1		1
	1		1
	1		1
	1		1
	1		1
	1		1
	1		1
	1		1
	1		1
	1		1
	1		1
	1		1
	1		1
	1		1
	1		1
	1		1
	1		1
	1		1
	1		1
	1		1
	1		1
	1		1
	1		1
	1		1
	1		1
	1		1
	1.82701		1
	1.82701		1
	1.82701		1
	1.82701		1
	1.82701		1
	1.82701		1
	1.82701		1
	1.82701		1
	1.82701		1
	1.82701		1
	1.82701		1
	0.672867		1
	0.672867		1
	0.672867		1
	0.672867		1
	0.672867		1
	0.672867		1
	0.672867		1
	0.672867		1
	0.672867		1
	0.672867		1
	0.672867		1
	1		1
	1		1
	1		1
	1		1
	1		1
	1		1
	1		1
	1		1
	1		1
	1		1
	1		1
	1		1
	1		1
	1		1
	1		1
	1		1
	1		1
	1		1
	1		1
	1		1
	1		1
	1		1
	1		1
	1		1
	1		1
	1		1
	1		1
	1		1
	1		1
	1		1
	1		1
	1		1
	1		1
	1		1
	1		1
	1		1
	1		1
	1		1
	1		1
	1		1
	1		1
	1		1
	1		1
	1		1
	1		1
	1		1
	1		1
	1		1
	1		1
	1		1
	1		1
	1		1
	1		1
	1		1
	1		1
	1		1
	1		1
	1		1
	1		1
	1		1
	1		1
	1		1
	1		1
	1		1
	1		1
	1		1
	1		1
	1		1
	1		1
	1		1
	1		1
	1		1
	1		1
	1		1
	1		1
	1		1
	1		1
	1		1
	1		1
	1		1
	1		1
	1		1
	1		1
	1		1
	1		1
	1		1
	1		1
	1		1
	1		1
	1		1
	1		1
	1		1
	1		1
	1		1
	1		1
	1		1
	1		1
	1		1
	1		1
	1		1
	1		1
	1		1
	1		1
	1		1
	1		1
	1		1
	1		1
	1		1
	1		1
	1		1
	1.48618		1
	1.48618		1
	1.48618		1
	1.48618		1
	1.48618		1
	1.48618		1
	1.48618		1
	1.48618		1
	1.48618		1
	1.48618		1
	1.48618		1
	0.64885		1
	0.64885		1
	0.64885		1
	0.64885		1
	0.64885		1
	0.64885		1
	0.64885		1
	0.64885		1
	0.64885		1
	0.64885		1
	0.64885		1
	1		1
	1		1
	1		1
	1		1
	1		1
	1		1
	1		1
	1		1
	1		1
	1		1
	1		1
	1		1
	1		1
	1		1
	1		1
	1		1
	1		1
	1		1
	1		1
	1		1
	1		1
	1		1
	1		1
	1		1
	1		1
	1		1
	1		1
	1		1
	1		1
	1		1
	1		1
	1		1
	1		1
	1		1
	1		1
	1		1
	1		1
	1		1
	1		1
	1		1
	1		1
	1		1
	1		1
	1		1
	1		1
	1		1
	1		1
	1		1
	1		1
	1		1
	1		1
	1		1
	1		1
	1		1
	1		1
	1		1
	1		1
	1		1
	1		1
	1		1
	1		1
	1		1
	1		1
	1		1
	1		1
	1		1
	1		1
	1		1
	1		1
	1		1
	1		1
	1		1
	1		1
	1		1
	1		1
	1		1
	1		1
	1		1
	1		1
	1		1
	1		1
	1		1
	1		1
	1		1
	1		1
	1		1
	1		1
	1		1
	1		1
	1		1
	1		1
	1		1
	1		1
	1		1
	1		1
	1		1
	1		1
	1		1
	1		1
	1		1
	1		1
	1		1
	1		1
	1		1
	1		1
	1		1
	1		1
	1		1
	1		1
	1		1
	1.54119		1
	1.54119		1
	1.54119		1
	1.54119		1
	1.54119		1
	1.54119		1
	1.54119		1
	1.54119		1
	1.54119		1
	1.54119		1
	1.54119		1
	0.739137		1
	0.739137		1
	0.739137		1
	0.739137		1
	0.739137		1
	0.739137		1
	0.739137		1
	0.739137		1
	0.739137		1
	0.739137		1
	0.739137		1
	1		1
	1		1
	1		1
	1		1
	1		1
	1		1
	1		1
	1		1
	1		1
	1		1
	1		1
	1		1
	1		1
	1		1
	1		1
	1		1
	1		1
	1		1
	1		1
	1		1
	1		1
	1		1
	1		1
	1		1
	1		1
	1		1
	1		1
	1		1
	1		1
	1		1
	1		1
	1		1
	1		1
	1		1
	1		1
	1		1
	1		1
	1		1
	1		1
	1		1
	1		1
	1		1
	1		1
	1		1
	1		1
	1		1
	1		1
	1		1
	1		1
	1		1
	1		1
	1		1
	1		1
	1		1
	1		1
	1		1
	1		1
	1		1
	1		1
	1		1
	1		1
	1		1
	1		1
	1		1
	1		1
	1		1
	1		1
	1		1
	1		1
	1		1
	1		1
	1		1
	1		1
	1		1
	1		1
	1		1
	1		1
	1		1
	1		1
	1		1
	1		1
	1		1
	1		1
	1		1
	1		1
	1		1
	1		1
	1		1
	1		1
	1		1
	1		1
	1		1
	1		1
	1		1
	1		1
	1		1
	1		1
	1		1
	1		1
	1		1
	1		1
	1		1
	1		1
	1		1
	1		1
	1		1
	1		1
	1		1
	1		1
	1		1
	1.35293		1
	1.35293		1
	1.35293		1
	1.35293		1
	1.35293		1
	1.35293		1
	1.35293		1
	1.35293		1
	1.35293		1
	1.35293		1
	1.35293		1
	0.67101		1
	0.67101		1
	0.67101		1
	0.67101		1
	0.67101		1
	0.67101		1
	0.67101		1
	0.67101		1
	0.67101		1
	0.67101		1
	0.67101		1
	1		1
	1		1
	1		1
	1		1
	1		1
	1		1
	1		1
	1		1
	1		1
	1		1
	1		1
	1		1
	1		1
	1		1
	1		1
	1		1
	1		1
	1		1
	1		1
	1		1
	1		1
	1		1
	1		1
	1		1
	1		1
	1		1
	1		1
	1		1
	1		1
	1		1
	1		1
	1		1
	1		1
	1		1
	1		1
	1		1
	1		1
	1		1
	1		1
	1		1
	1		1
	1		1
	1		1
	1		1
	1		1
	1		1
	1		1
	1		1
	1		1
	1		1
	1		1
	1		1
	1		1
	1		1
	1		1
	1		1
	1		1
	1		1
	1		1
	1		1
	1		1
	1		1
	1		1
	1		1
	1		1
	1		1
	1		1
	1		1
	1		1
	1		1
	1		1
	1		1
	1		1
	1		1
	1		1
	1		1
	1		1
	1		1
	1		1
	1		1
	1		1
	1		1
	1		1
	1		1
	1		1
	1		1
	1		1
	1		1
	1		1
	1		1
	1		1
	1		1
	1		1
	1		1
	1		1
	1		1
	1		1
	1		1
	1		1
	1		1
	1		1
	1		1
	1		1
	1		1
	1		1
	1		1
	1		1
	1		1
	1		1
	1		1
	1.49029		1
	1.49029		1
	1.49029		1
	1.49029		1
	1.49029		1
	1.49029		1
	1.49029		1
	1.49029		1
	1.49029		1
	1.49029		1
	1.49029		1
	0.541233		1
	0.541233		1
	0.541233		1
	0.541233		1
	0.541233		1
	0.541233		1
	0.541233		1
	0.541233		1
	0.541233		1
	0.541233		1
	0.541233		1
	1		1
	1		1
	1		1
	1		1
	1		1
	1		1
	1		1
	1		1
	1		1
	1		1
	1		1
	1		1
	1		1
	1		1
	1		1
	1		1
	1		1
	1		1
	1		1
	1		1
	1		1
	1		1
	1		1
	1		1
	1		1
	1		1
	1		1
	1		1
	1		1
	1		1
	1		1
	1		1
	1		1
	1		1
	1		1
	1		1
	1		1
	1		1
	1		1
	1		1
	1		1
	1		1
	1		1
	1		1
	1		1
	1		1
	1		1
	1		1
	1		1
	1		1
	1		1
	1		1
	1		1
	1		1
	1		1
	1		1
	1		1
	1		1
	1		1
	1		1
	1		1
	1		1
	1		1
	1		1
	1		1
	1		1
	1		1
	1		1
	1		1
	1		1
	1		1
	1		1
	1		1
	1		1
	1		1
	1		1
	1		1
	1		1
	1		1
	1		1
	1		1
	1		1
	1		1
	1		1
	1		1
	1		1
	1		1
	1		1
	1		1
	1		1
	1		1
	1		1
	1		1
	1		1
	1		1
	1		1
	1		1
	1		1
	1		1
	1		1
	1		1
	1		1
	1		1
	1		1
	1		1
	1		1
	1		1
	1		1
	1		1
	1		1
	1.84763		1
	1.84763		1
	1.84763		1
	1.84763		1
	1.84763		1
	1.84763		1
	1.84763		1
	1.84763		1
	1.84763		1
	1.84763		1
	1.84763		1
	0.612729		1
	0.612729		1
	0.612729		1
	0.612729		1
	0.612729		1
	0.612729		1
	0.612729		1
	0.612729		1
	0.612729		1
	0.612729		1
	0.612729		1
	1		1
	1		1
	1		1
	1		1
	1		1
	1		1
	1		1
	1		1
	1		1
	1		1
	1		1
	1		1
	1		1
	1		1
	1		1
	1		1
	1		1
	1		1
	1		1
	1		1
	1		1
	1		1
	1		1
	1		1
	1		1
	1		1
	1		1
	1		1
	1		1
	1		1
	1		1
	1		1
	1		1
	1		1
	1		1
	1		1
	1		1
	1		1
	1		1
	1		1
	1		1
	1		1
	1		1
	1		1
	1		1
	1		1
	1		1
	1		1
	1		1
	1		1
	1		1
	1		1
	1		1
	1		1
	1		1
	1		1
	1		1
	1		1
	1		1
	1		1
	1		1
	1		1
	1		1
	1		1
	1		1
	1		1
	1		1
	1		1
	1		1
	1		1
	1		1
	1		1
	1		1
	1		1
	1		1
	1		1
	1		1
	1		1
	1		1
	1		1
	1		1
	1		1
	1		1
	1		1
	1		1
	1		1
	1		1
	1		1
	1		1
	1		1
	1		1
	1		1
	1		1
	1		1
	1		1
	1		1
	1		1
	1		1
	1		1
	1		1
	1		1
	1		1
	1		1
	1		1
	1		1
	1		1
	1		1
	1		1
	1		1
	1		1
	1.63204		1
	1.63204		1
	1.63204		1
	1.63204		1
	1.63204		1
	1.63204		1
	1.63204		1
	1.63204		1
	1.63204		1
	1.63204		1
	1.63204		1
	0.54541		1
	0.54541		1
	0.54541		1
	0.54541		1
	0.54541		1
	0.54541		1
	0.54541		1
	0.54541		1
	0.54541		1
	0.54541		1
	0.54541		1
	1		1
	1		1
	1		1
	1		1
	1		1
	1		1
	1		1
	1		1
	1		1
	1		1
	1		1
	1		1
	1		1
	1		1
	1		1
	1		1
	1		1
	1		1
	1		1
	1		1
	1		1
	1		1
	1		1
	1		1
	1		1
	1		1
	1		1
	1		1
	1		1
	1		1
	1		1
	1		1
	1		1
	1		1
	1		1
	1		1
	1		1
	1		1
	1		1
	1		1
	1		1
	1		1
	1		1
	1		1
	1		1
	1		1
	1		1
	1		1
	1		1
	1		1
	1		1
	1		1
	1		1
	1		1
	1		1
	1		1
	1		1
	1		1
	1		1
	1		1
	1		1
	1		1
	1		1
	1		1
	1		1
	1		1
	1		1
	1		1
	1		1
	1		1
	1		1
	1		1
	1		1
	1		1
	1		1
	1		1
	1		1
	1		1
	1		1
	1		1
	1		1
	1		1
	1		1
	1		1
	1		1
	1		1
	1		1
	1		1
	1		1
	1		1
	1		1
	1		1
	1		1
	1		1
	1		1
	1		1
	1		1
	1		1
	1		1
	1		1
	1		1
	1		1
	1		1
	1		1
	1		1
	1		1
	1		1
	1		1
	1		1
	1		1
	1.83348		1
	1.83348		1
	1.83348		1
	1.83348		1
	1.83348		1
	1.83348		1
	1.83348		1
	1.83348		1
	1.83348		1
	1.83348		1
	1.83348		1
	0.466025		1
	0.466025		1
	0.466025		1
	0.466025		1
	0.466025		1
	0.466025		1
	0.466025		1
	0.466025		1
	0.466025		1
	0.466025		1
	0.466025		1
	1		1
	1		1
	1		1
	1		1
	1		1
	1		1
	1		1
	1		1
	1		1
	1		1
	1		1
	1		1
	1		1
	1		1
	1		1
	1		1
	1		1
	1		1
	1		1
	1		1
	1		1
	1		1
	1		1
	1		1
	1		1
	1		1
	1		1
	1		1
	1		1
	1		1
	1		1
	1		1
	1		1
	1		1
	1		1
	1		1
	1		1
	1		1
	1		1
	1		1
	1		1
	1		1
	1		1
	1		1
	1		1
	1		1
	1		1
	1		1
	1		1
	1		1
	1		1
	1		1
	1		1
	1		1
	1		1
	1		1
	1		1
	1		1
	1		1
	1		1
	1		1
	1		1
	1		1
	1		1
	1		1
	1		1
	1		1
	1		1
	1		1
	1		1
	1		1
	1		1
	1		1
	1		1
	1		1
	1		1
	1		1
	1		1
	1		1
	1		1
	1		1
	1		1
	1		1
	1		1
	1		1
	1		1
	1		1
	1		1
	1		1
	1		1
	1		1
	1		1
	1		1
	1		1
	1		1
	1		1
	1		1
	1		1
	1		1
	1		1
	1		1
	1		1
	1		1
	1		1
	1		1
	1		1
	1		1
	1		1
	1		1
	1		1
	2		1
	2		1
	2		1
	2		1
	2		1
	2		1
	2		1
	2		1
	2		1
	2		1
	2		1
	0.617429		1
	0.617429		1
	0.617429		1
	0.617429		1
	0.617429		1
	0.617429		1
	0.617429		1
	0.617429		1
	0.617429		1
	0.617429		1
	0.617429		1
	1		1
	1		1
	1		1
	1		1
	1		1
	1		1
	1		1
	1		1
	1		1
	1		1
	1		1
	1		1
	1		1
	1		1
	1		1
	1		1
	1		1
	1		1
	1		1
	1		1
	1		1
	1		1
	1		1
	1		1
	1		1
	1		1
	1		1
	1		1
	1		1
	1		1
	1		1
	1		1
	1		1
	1		1
	1		1
	1		1
	1		1
	1		1
	1		1
	1		1
	1		1
	1		1
	1		1
	1		1
	1		1
	1		1
	1		1
	1		1
	1		1
	1		1
	1		1
	1		1
	1		1
	1		1
	1		1
	1		1
	1		1
	1		1
	1		1
	1		1
	1		1
	1		1
	1		1
	1		1
	1		1
	1		1
	1		1
	1		1
	1		1
	1		1
	1		1
	1		1
	1		1
	1		1
	1		1
	1		1
	1		1
	1		1
	1		1
	1		1
	1		1
	1		1
	1		1
	1		1
	1		1
	1		1
	1		1
	1		1
	1		1
	1		1
	1		1
	1		1
	1		1
	1		1
	1		1
	1		1
	1		1
	1		1
	1		1
	1		1
	1		1
	1		1
	1		1
	1		1
	1		1
	1		1
	1		1
	1		1
	1		1
	1		1
	1.61962		1
	1.61962		1
	1.61962		1
	1.61962		1
	1.61962		1
	1.61962		1
	1.61962		1
	1.61962		1
	1.61962		1
	1.61962		1
	1.61962		1
all_instances_solved: 15
