	0.0265385		0.280632
	0.0444374		0.531872
	0.0783288		0.527631
	0.0878539		1
	0.0920983		0.280632
	0.0993169		0.527631
	0.101958		0.280632
	0.106089		0.527631
	0.120886		1
	0.131158		1
	0.147107		1.89526
	0.14816		0.280632
	0.153534		1
	0.154214		0.531872
	0.166301		1
	0.170724		0.531872
	0.172851		0.280632
	0.177641		1
	0.17912		1
	0.202418		1.89526
	0.219533		0.280632
	0.250153		0.531872
	0.257085		1.89526
	0.260289		1
	0.26721		0.531872
	0.288154		1
	0.299928		1.89526
	0.302076		0.280632
	0.338809		0.531872
	0.437297		0.527631
	0.490474		1
	0.510172		0.527631
	0.51417		0.280632
	0.55447		0.527631
	0.569215		0.280632
	0.572211		1
	0.592279		0.527631
	0.597211		0.527631
	0.599856		0.280632
	0.646873		0.527631
	0.647953		0.527631
	0.664075		0.280632
	0.674889		1
	0.690982		0.527631
	0.726747		1
	0.738329		1
	0.761858		0.280632
	0.768245		1.88015
	0.78736		1
	0.788675		1
	0.821572		0.527631
	0.828113		1.89526
	0.84342		0.280632
	0.850491		1.88015
	0.857155		1
	0.861667		2
	0.868121		0.531872
	0.877594		0.527631
	0.884581		1.89526
	0.891581		0.527631
	0.903296		1
	0.927317		0.531872
	0.936164		1
	0.953914		2
	0.961059		0.531872
	0.974096		1.88015
	1.02659		0.531872
	1.04052		1.88015
	1.04831		0.280632
	1.06819		1
	1.07838		1.88015
	1.10706		1
	1.1216		1.89526
	1.13048		0.527631
	1.13948		1.89526
	1.15191		1.88015
	1.16054		0.280632
	1.16665		1
	1.17579		0.531872
	1.18565		2
	1.20757		0.527631
	1.21718		1.89526
	1.26795		1
	1.27007		1
	1.30167		0.531872
	1.31258		2
	1.35441		1
	1.376		1
	1.44721		1.89526
	1.48172		1
	1.50585		2
	1.54332		1.89526
	1.5459		1.89526
	1.66707		2
	1.67445		1.89526
	1.68839		1.89526
	1.74761		1
	1.75681		2
	1.80352		1.89526
	1.94488		2
	1.96012		1.89526
	2		1
	2		1.89526
	2		1.88015
	2		2
	2		0.527631
	2		1
	2		1.88015
	2		1
	2		0.527631
	2		1.88015
	2		2
	2		0.527631
	2		1
	2		1
	2		2
	2		1.88015
	2		1
	2		1.88015
	2		1
	2		2
	2		0.527631
	2		1
	2		1
	2		1.89526
	2		2
	2		1.89526
	2		2
	2		1
	2		1.89526
	2		1.88015
	2		2
	6.79954e-10		1
	6.79954e-10		1
	6.79954e-10		1
	6.79954e-10		1
	6.79954e-10		1
	6.79954e-10		1
	6.79954e-10		1
	6.79954e-10		1
	6.79954e-10		1
	1.19927e-09		1
	1.19927e-09		1
	1.19927e-09		1
	1.19927e-09		1
	1.19927e-09		1
	1.19927e-09		1
	1.19927e-09		1
	1.19927e-09		1
	1.19927e-09		1
	1.45102e-09		1
	1.45102e-09		1
	1.45102e-09		1
	1.45102e-09		1
	1.45102e-09		1
	1.45102e-09		1
	1.45102e-09		1
	1.45102e-09		1
	1.45102e-09		1
	0.468605		1
	0.566975		1
	0.8265		1
	1		1
	1		1
	1		1
	1		1
	1		1
	1		1
	1		1
	1		1
	1		1
	1		1
	1		1
	1		1
	1		1
	1		1
	1		1
	1		1
	1		1
	1		1
	1		1
	1		1
	1		1
	1		1
	1		1
	1		1
	1		1
	1		1
	1		1
	1		1
	1		1
	1		1
	1		1
	1		1
	1		1
	1		1
	1		1
	1		1
	1		1
	1		1
	1		1
	1		1
	1		1
	1		1
	1		1
	1		1
	1		1
	1		1
	1		1
	1		1
	1		1
	1		1
	1		1
	1		1
	1		1
	1		1
	1		1
	1		1
	1		1
	1		1
	1		1
	1		1
	1		1
	1		1
	1		1
	1		1
	1		1
	1		1
	1		1
	1		1
	1		1
	1		1
	1		1
	1		1
	1.20992		1
	1.76375		1
	2		1
	2		1
	2		1
	2		1
	2		1
	2		1
	2		1
	2		1
	2		1
	2		1
	2		1
	2		1
	2		1
	2		1
	2		1
	2		1
	2		1
	2		1
	2		1
	2		1
	2		1
	2		1
	2		1
	2		1
	2		1
	2		1
	2		1
	2		1
	0.0247105		0.217293
	0.0498056		0.217293
	0.132376		1
	0.134439		0.311407
	0.139442		1
	0.13949		1
	0.13949		0.217293
	0.140876		1
	0.143594		1
	0.143594		0.311407
	0.143594		0.217293
	0.172086		1
	0.172086		0.217293
	0.172086		0.697778
	0.175407		0.217293
	0.177149		0.217293
	0.177149		1
	0.177209		0.217293
	0.183805		0.697778
	0.186669		0.217293
	0.34685		1
	0.34685		0.217293
	0.34685		0.697778
	0.353543		0.217293
	0.357055		0.217293
	0.357055		1
	0.357177		0.217293
	0.370472		0.697778
	0.376244		0.217293
	0.496139		1
	0.921876		2
	0.921876		1
	0.921876		2
	0.93624		1
	0.93624		1.43312
	0.93624		0.311407
	0.939665		1
	0.948999		2
	0.948999		1
	0.949323		1
	0.954306		0.311407
	0.963785		1.43312
	0.963785		0.311407
	0.964114		0.311407
	0.971088		1
	0.971088		2
	0.971088		2
	0.971419		2
	0.971419		1
	0.971419		0.217293
	0.971419		2
	0.971419		0.697778
	0.971419		1
	0.981069		2
	0.981069		1
	0.981069		2
	0.984658		2
	0.989826		1
	0.990164		0.217293
	0.990164		1
	0.999659		2
	0.999659		1
	1		1.43312
	1		0.311407
	1		0.217293
	1		0.217293
	1		2
	1		2
	1		2
	1		0.697778
	1.00034		0.217293
	1.00034		1
	1.00993		2
	1.00993		1
	1.01028		1
	1.01558		0.311407
	1.0193		0.217293
	1.0193		0.311407
	1.0193		1
	1.02942		1.43312
	1.02942		0.217293
	1.02942		2
	1.02942		1
	1.02942		1
	1.02942		0.311407
	1.02977		0.217293
	1.02977		1
	1.02977		0.311407
	1.03722		2
	1.03758		2
	1.03758		0.697778
	1.04788		2
	1.05338		1
	1.05374		1
	1.05374		0.217293
	1.06421		1
	1.0681		2
	1.0681		1
	1.0681		0.697778
	1.08475		1
	1.08475		0.311407
	1.08475		0.217293
	2		1
	2		2
	2		1.43312
	2		2
	2		1
	2		2
	2		2
	2		2
	2		1.43312
	2		1
	2		2
	2		1.43312
	2		2
	2		1
	2		2
	2		2
	2		2
	2		1.43312
	2		1
	2		2
	2		2
	2		1
	2		1
	2		2
	2		1
	2		1
	2		2
	2		1
	2		2
	2		2
	1.22659e-06		0.194375
	1.22659e-06		0.194375
	1.22659e-06		0.194375
	1.22659e-06		0.194375
	1.22659e-06		0.194375
	1.22659e-06		0.194375
	1.22659e-06		0.194375
	1.22659e-06		0.194375
	1.22659e-06		0.194375
	1.22659e-06		0.194375
	2.64283e-06		1
	0.464119		0.194375
	0.464119		0.194375
	0.464119		0.194375
	0.464119		0.194375
	0.464119		0.194375
	0.464119		0.194375
	0.464119		0.194375
	0.464119		0.194375
	0.464119		0.194375
	0.464119		0.194375
	1		1
	1		1
	1		1
	1		1
	1		1
	1		1
	1		1
	1		1
	1		1
	1		1
	1		1
	1		1
	1		1
	1		1
	1		1
	1		1
	1		1
	1		1
	1		1
	1		1
	1		1
	1		1
	1		1
	1		1
	1		1
	1		1
	1		1
	1		1
	1		1
	1		1
	1		1
	1		1
	1		1
	1		1
	1		1
	1		1
	1		1
	1		1
	1		1
	1		1
	1		1
	1		1
	1		1
	1		1
	1		1
	1		1
	1		1
	1		1
	1		1
	1		1
	1		1
	1		1
	1		1
	1		1
	1		1
	1		1
	1		1
	1		1
	1		1
	1		1
	1		1
	1		1
	1		1
	1		1
	1		1
	1		1
	1		1
	1		1
	1		1
	1		1
	1		1
	1		1
	1		1
	1		1
	1		1
	1		1
	1		1
	1		1
	1		1
	1		1
	1		1
	1		1
	1		1
	1		1
	1		1
	1		1
	1		1
	1		1
	1		1
	1		1
	2		2
	2		2
	2		2
	2		2
	2		2
	2		2
	2		2
	2		2
	2		2
	2		2
	2		1
	2		2
	2		2
	2		2
	2		2
	2		2
	2		2
	2		2
	2		2
	2		2
	2		2
	0.634557		1.00284
	0.634557		1
	0.634557		1
	0.634557		0.998297
	0.634557		0.998297
	0.634557		0.998297
	0.634557		0.998297
	0.634557		1
	0.634557		1.00284
	0.634557		0.998297
	0.634557		1
	0.634557		0.998297
	0.634557		0.998297
	0.634557		0.998297
	0.634557		1.00284
	0.634557		0.998297
	0.634557		0.998297
	0.634557		1.00284
	0.634557		0.998297
	0.634557		0.998297
	0.637101		0.998297
	0.637101		0.998297
	0.637101		0.998297
	0.637101		0.998297
	0.70525		1.00284
	0.70525		1.00284
	0.70525		1.00284
	0.70525		1.00284
	0.780619		0.998297
	0.780619		0.998297
	0.780619		0.998297
	0.780619		0.998297
	0.81289		1
	0.81289		1
	0.81289		1.00171
	0.81289		1
	0.81289		1.00455
	0.816148		1
	0.899762		0.99717
	0.899762		0.995473
	0.899762		1
	0.899762		0.995473
	0.899762		0.995473
	0.903369		0.995473
	0.90345		1.00455
	0.996008		1
	0.996008		1
	0.996008		1
	0.996008		1.00171
	0.996008		1.00455
	1		1
	1		0.998297
	1		1.00455
	1		0.998297
	1		0.995473
	1		1
	1		1
	1		1
	1		1
	1		1
	1		1
	1		1
	1		0.995473
	1		1
	1		1.00455
	1		1
	1		1
	1		1
	1		1.00171
	1		0.99717
	1		1.00171
	1		1.00171
	1		1
	1		1.00455
	1		1
	1		1
	1		1
	1		0.998297
	1		0.995473
	1		1
	1		1.00284
	1		1
	1.00401		1
	1.00401		1
	1.00401		0.995473
	1.00401		1
	1.00401		0.998297
	1.10687		0.995473
	1.10697		1.00455
	1.1114		1.00455
	1.1114		1.00455
	1.1114		1
	1.1114		1.00455
	1.1114		1.00284
	1.22527		1
	1.23018		1
	1.23018		1
	1.23018		0.995473
	1.23018		0.998297
	1.23018		1
	1.28104		1.00171
	1.28104		1.00171
	1.28104		1.00171
	1.28104		1.00171
	1.41794		0.99717
	1.41794		0.99717
	1.41794		0.99717
	1.41794		0.99717
	1.56961		1.00171
	1.56961		1.00171
	1.56961		1.00171
	1.56961		1.00171
	1.5759		1.00171
	1.5759		1.00171
	1.5759		0.99717
	1.5759		1.00171
	1.5759		1
	1.5759		1
	1.5759		1.00171
	1.5759		1.00171
	1.5759		0.99717
	1.5759		1.00171
	1.5759		1.00171
	1.5759		1
	1.5759		0.99717
	1.5759		1.00171
	1.5759		1.00171
	1.5759		1
	1.5759		1.00171
	1.5759		0.99717
	1.5759		1.00171
	1.5759		1.00171
	0.0375949		0.596792
	0.0422587		0.309413
	0.0455704		0.406576
	0.0475044		0.11251
	0.0479602		0.112349
	0.048116		0.596792
	0.0489131		0.20113
	0.049716		0.330336
	0.0503865		0.20113
	0.0506757		0.309413
	0.0510268		1
	0.736767		0.596792
	0.741871		1.92879
	0.746129		2
	0.756193		1.80662
	0.768606		2
	0.781338		1
	0.783876		2
	0.791397		2
	0.824984		1.46785
	0.828167		0.309413
	0.833904		1
	0.838691		1.53837
	0.850002		0.93666
	0.863955		1.53837
	0.878267		0.51846
	0.88112		2
	0.889574		2
	0.889636		1.92879
	0.893068		0.406576
	0.899255		1.31403
	0.904416		2
	0.916615		1.2308
	0.927328		0.76102
	0.93097		0.11251
	0.931661		2
	0.93742		0.363624
	0.939902		0.112349
	0.942801		0.559387
	0.942955		0.596792
	0.946413		0.363104
	0.947095		0.68127
	0.949488		1.92879
	0.950171		2
	0.951846		0.558587
	0.954938		2
	0.955516		0.340592
	0.958576		0.20113
	0.959287		2
	0.964684		0.340105
	0.965216		0.65004
	0.967817		1.80662
	0.970757		1
	0.971202		0.559387
	0.974311		0.330336
	0.980519		0.558587
	0.981061		1.06762
	0.983704		2
	0.98385		0.608866
	0.986692		1.6424
	0.98729		0.188524
	0.987452		0.20113
	0.990497		1.00143
	0.99312		0.309413
	0.994293		0.65004
	0.996762		0.188255
	1.00325		2
	1.00574		1.53837
	1.00693		2
	1.00959		0.998571
	1.01271		2
	1.01287		2
	1.01349		0.608866
	1.01642		1.6424
	1.01657		0.33702
	1.0193		0.93666
	1.01987		1.79023
	1.02637		2
	1.02965		1.78767
	1.03012		1
	1.03325		0.55352
	1.03604		1.53837
	1.03661		2
	1.04244		0.276725
	1.04321		2
	1.04655		2
	1.04719		0.33702
	1.05059		1.79023
	1.05244		0.276329
	1.0532		0.51846
	1.05586		1.46785
	1.05662		2
	1.0605		1.67563
	1.06067		1.78767
	1.06394		2
	1.06676		2
	1.07335		0.494693
	1.07415		2
	1.07837		1.31403
	1.09097		0.812482
	1.10569		0.494693
	1.11203		0.76102
	1.11974		2
	1.12406		0.51846
	1.12413		0.363624
	1.13492		0.363104
	1.13861		1.92879
	1.15747		0.65004
	1.17647		1.06762
	1.19233		0.65004
	1.19918		1
	1.20749		2
	1.21214		0.68127
	1.26359		0.188524
	1.27571		0.188255
	1.27986		1
	1.30106		0.33702
	1.32241		0.55352
	1.34025		0.33702
	1.34794		0.51846
	1.35728		1.67563
	2		1
	2		2
	2		2
	2		2
	2		2
	2		1.67563
	2		2
	2		2
	2		2
	2		2
	2		1.67563
	1.27558e-07		0.139092
	1.27558e-07		0.139092
	1.27558e-07		0.139092
	1.27558e-07		0.139092
	1.27558e-07		0.139092
	1.27558e-07		0.139092
	1.27558e-07		0.139092
	1.27558e-07		0.139092
	1.27558e-07		0.139092
	2.42581e-07		1
	2.55716e-07		0.139092
	0.498827		1
	0.498827		1
	0.498827		1
	0.498827		1
	0.498827		1
	0.498827		1
	0.498827		1
	0.498827		1
	0.498827		1
	0.525836		0.139092
	0.525836		0.139092
	0.525836		0.139092
	0.525836		0.139092
	0.525836		0.139092
	0.525836		0.139092
	0.525836		0.139092
	0.525836		0.139092
	0.525836		0.139092
	0.948636		2
	1		1
	1		1
	1		1
	1		1
	1		1
	1		1
	1		1
	1		1
	1		1
	1		1
	1		1
	1		1
	1		1
	1		1
	1		1
	1		1
	1		1
	1		1
	1		1
	1		1
	1		1
	1		1
	1		1
	1		1
	1		1
	1		1
	1		1
	1		1
	1		1
	1		1
	1		1
	1		1
	1		1
	1		1
	1		1
	1		1
	1		1
	1		1
	1		1
	1		1
	1		1
	1		1
	1		1
	1		1
	1		1
	1		1
	1		1
	1		1
	1		1
	1		1
	1		1
	1		1
	1		1
	1		1
	1		1
	1		1
	1		1
	1		1
	1		1
	1		1
	1		1
	1		1
	1		1
	1		1
	1		1
	1		1
	1		1
	1		1
	1		1
	1		1
	1		1
	1		1
	1.05414		0.139092
	1.90174		2
	1.90174		2
	1.90174		2
	1.90174		2
	1.90174		2
	1.90174		2
	1.90174		2
	1.90174		2
	1.90174		2
	2		1
	2		1
	2		1
	2		1
	2		1
	2		1
	2		1
	2		1
	2		1
	2		2
	2		1
	2		2
	2		2
	2		2
	2		2
	2		2
	2		2
	2		2
	2		2
	2		2
