	Report:		ida*-bfs-vs-ss-bfs - using lmcut heuristic - 10 probes.

elevators-opt11-strips

p14.pddl
bound		ida*-bfs (exp)		ss-bfs (exp)
26		42			42
27		149			149
28		1135			1233.8
29		7977			7832
31		9484			11876.6
32		12550			10293.6
33		16087			21136.1
34		292723			311783
35		1.08561e+06			679516

p19.pddl
bound		ida*-bfs (exp)		ss-bfs (exp)
31		4			4
33		13			13
35		22			22
36		61			61
37		142			135.6
38		315			289.6
39		362			338.4
40		572			484.2
41		1038			1166.1
42		5505			4626.2
43		12266			13173.7
44		19410			11511.2
45		93619			87724.1
46		169682			174619
47		357317			261449
48		838865			680320

p18.pddl
bound		ida*-bfs (exp)		ss-bfs (exp)
44		6313			6305.4
45		19029			18518.1
46		32437			32628.3
47		396527			----zero_info----

p15.pddl
bound		ida*-bfs (exp)		ss-bfs (exp)
38		23			23
39		53			47.2
40		72			69
41		299			340.1
42		591			471.7
43		3114			3056.8
44		4847			4836.5
45		7065			10075.8
46		38093			47678.3
47		44775			60665.9
48		506279			753355
49		884339			1.22679e+06
50		1.27001e+06			2.2949e+06

p12.pddl
bound		ida*-bfs (exp)		ss-bfs (exp)
25		1			1
27		19			19
28		37			37
32		1162			1165.6
33		1389			1347.1
34		2988			3015.9
35		3897			3324.4
36		3987			4284.8
37		15009			6202
38		17934			17090.4
39		147530			68752.6
40		369561			274331
41		656115			440426

p13.pddl
bound		ida*-bfs (exp)		ss-bfs (exp)
28		67			67
29		89			89
30		111			111
31		532			536.2
32		4224			4208.8
33		5660			7070.1
34		11170			7592.2
35		13632			21567.5
36		214714			35094.9
37		292809			101746
38		486590			1.38581e+06
39		2.16181e+06			1.09381e+06

p07.pddl
bound		ida*-bfs (exp)		ss-bfs (exp)
33		1887			1890.6
34		21313			21672.6
35		183162			159211
36		806032			----zero_info----

p05.pddl
bound		ida*-bfs (exp)		ss-bfs (exp)
38		8			8
40		344			344
43		2363			1912.8
44		2924			3035.4
45		7956			8421.1
46		12164			13253.6
47		30536			22967.3
48		73915			28742.8
49		144038			206331
50		412800			389921
51		635663			353707
52		1.47016e+06			377718

p01.pddl
bound		ida*-bfs (exp)		ss-bfs (exp)
39		2			2
41		4			4
42		6			6
43		18			18.6
44		28			29.8
45		35			34.9
46		65			63.2
47		94			79.5
48		193			166.7
49		268			214.2
50		588			588.7
51		1054			1295.5
52		2250			2222.4
53		3731			5028.2
54		6159			4713.2
55		13525			21144.7
56		25172			21527.3

p10.pddl
bound		ida*-bfs (exp)		ss-bfs (exp)
41		43			43
44		67			68.2
45		80			77.4
46		110			105.6
47		238			228.6
48		6151			6800.9
49		7273			6752.7
50		8284			6029.9
51		13667			14602.3
52		20942			14722.5
53		197301			175528
54		221219			194048

p04.pddl
bound		ida*-bfs (exp)		ss-bfs (exp)
26		1			1
32		4			4
33		6			6
34		9			9
35		14			14
36		23			21.8
37		60			63
38		147			141.6
39		206			218.4
40		351			330.3
41		438			409.7
42		583			623.3
43		836			793.8
44		2553			1881
45		8870			10510.5
46		24910			40428
47		56901			38009
48		120352			50081.9
49		251336			635493
50		682761			200678
51		1.14893e+06			867601
52		6.15675e+06			1.10225e+07

p06.pddl
bound		ida*-bfs (exp)		ss-bfs (exp)
26		26			26
27		51			51
30		76			76
31		6679			6679
32		10617			8571
33		16735			22760.9
34		21101			24451.8
36		24724			28095.9
37		1.03568e+06			369992

p17.pddl
bound		ida*-bfs (exp)		ss-bfs (exp)
48		26			26
49		1302			1420.2
50		1640			1487.9
52		37241			31979.7
53		61745			37696.8
54		163576			142177

p20.pddl
bound		ida*-bfs (exp)		ss-bfs (exp)
37		403			410.8
38		1329			1414
39		7716			8371
40		48697			43560.9
41		118675			132052

p03.pddl
bound		ida*-bfs (exp)		ss-bfs (exp)
30		1			1
35		4			4
36		5			5
37		7			7
39		9			9
40		24			21.4
41		39			28.6
42		63			63.1
43		72			58.1
44		142			112
45		237			277.7
46		351			255.7
47		715			989.9
48		1322			1271.8
49		2793			1511.6
50		4289			4113.4
51		7543			5025.3
52		13977			16878.4
53		40581			165481
54		315850			14139.2

p09.pddl
bound		ida*-bfs (exp)		ss-bfs (exp)
27		1			1
32		96			97.9
33		339			393
34		556			680.1
35		921			839.7
36		1469			1604.7
37		2406			2131
38		7367			7315.3
39		25377			38336.2
40		58506			18718.9
41		114624			57134.7
42		218072			144320
43		471333			427542
44		849232			332531

p08.pddl
bound		ida*-bfs (exp)		ss-bfs (exp)
37		1844			1972.7
38		23005			29849.5
39		108796			117164
40		394827			441095
41		417408			367945
42		592208			544225

p16.pddl
bound		ida*-bfs (exp)		ss-bfs (exp)
35		1			1
38		2			2
42		3			3
44		6			6
45		13			12.6
47		22			22.8
48		27			27
49		43			40.3
50		76			68.8
51		116			111.7
52		254			241
53		316			239
54		601			623.4
55		1259			877.2
56		2011			2014
57		6843			4984.9
58		13642			14884.1
59		79238			36296.6
60		150356			172247
61		421058			237390
62		695139			1.01501e+06
63		1.20924e+06			4.02222e+06

p11.pddl
bound		ida*-bfs (exp)		ss-bfs (exp)
33		13			13
35		38			38
36		75			75
38		339			310.2
39		589			359.4
40		5318			6635.6
41		14581			14313.4
42		83471			----zero_info----
43		98564			----zero_info----
44		223244			----zero_info----

p02.pddl
bound		ida*-bfs (exp)		ss-bfs (exp)
32		2			2
33		15			15
34		20			21.8
35		44			44.4
36		167			163.6
37		416			433.9
38		1066			872.1
39		2798			2434.1
40		8285			6502.8
41		19147			29455.7
42		44820			17707
43		70441			165073
44		132489			263905
45		656734			549661
46		2.36721e+06			178044
47		4.35356e+06			1.41811e+06

Files that contains zero_info:	3
p07.pddl
p11.pddl
p18.pddl
