	Report:		ida*-bfs-vs-ss-bfs - using lmcut heuristic - 10 probes.

elevators-opt08-strips

p14.pddl
bound		ida*-bfs (exp)		ss-bfs (exp)
41		43			43
44		67			67.6
45		80			78.8
46		110			106
47		238			240.4
48		6151			5688.5
49		7273			7056.6
50		8284			7769.8
51		13667			18329
52		20942			24391.9
53		197301			141665
54		221219			351119

p19.pddl
bound		ida*-bfs (exp)		ss-bfs (exp)
47		2			2
49		16			16
50		18			18
51		26			24
52		38			36.2
53		53			52.4
54		85			77.4
55		220			204.9
56		423			384.9
57		637			543.2
58		933			967.7
59		1680			1724.4
60		4098			3768.2
61		9672			7467.4
62		16567			17020.6
63		34415			29061.1
64		63281			51056.5
65		132436			99027.8
66		228638			92856.3
67		590938			469905
68		1.27297e+06			435078

p29.pddl
bound		ida*-bfs (exp)		ss-bfs (exp)
36		4			4
37		10			10
38		13			13
39		43			43
41		172			145.2
42		230			210.1
43		343			395.5
44		462			436.8
45		2666			1079.4
46		4683			3695.8
47		6431			5123.2
48		14528			23301.8
49		55800			31696.7
50		194389			1.68297e+06
51		301828			134406
52		973356			1.05007e+06

p18.pddl
bound		ida*-bfs (exp)		ss-bfs (exp)
44		6313			6418.6
45		19029			18936.3
46		32437			44776.3
47		396527			----zero_info----

p15.pddl
bound		ida*-bfs (exp)		ss-bfs (exp)
35		1			1
38		2			2
42		3			3
44		6			6
45		13			12.2
47		22			23.6
48		27			25.8
49		43			41.7
50		76			70.5
51		116			113.2
52		254			264.8
53		316			328.9
54		601			610.6
55		1259			993.2
56		2011			1894.4
57		6843			7684.5
58		13642			10002.8
59		79238			40795.3
60		150356			74452.9
61		421058			138507
62		695139			946285
63		1.20924e+06			2.5375e+06

p25.pddl
bound		ida*-bfs (exp)		ss-bfs (exp)
37		1			1
38		22			22
39		58			54.4
40		781			688.4
41		1034			970.1
42		1131			1335.5
43		1220			1481.7
44		1403			1501.1
45		6586			5725.7
46		17763			19151.5
47		113047			58487.6
48		119624			265292
49		156771			53660.3
50		760643			40295.1
51		1.09713e+06			1.69944e+06

p12.pddl
bound		ida*-bfs (exp)		ss-bfs (exp)
30		1			1
35		4			4
36		5			5
37		7			7
39		9			10.2
40		24			29.2
41		39			49.8
42		63			55.3
43		72			60.9
44		142			140.3
45		237			267.1
46		351			416.4
47		715			785.5
48		1322			803
49		2793			5048.5
50		4289			2200.1
51		7543			4305.3
52		13977			7012.3
53		40581			51393
54		315850			31611.9

p13.pddl
bound		ida*-bfs (exp)		ss-bfs (exp)
38		8			8
40		344			364.8
43		2363			2304.2
44		2924			3137.1
45		7956			10436.5
46		12164			10898.5
47		30536			41527.3
48		73915			82369
49		144038			205710
50		412800			228976
51		635663			613838
52		1.47016e+06			2.05611e+06

p30.pddl
bound		ida*-bfs (exp)		ss-bfs (exp)

p07.pddl
bound		ida*-bfs (exp)		ss-bfs (exp)
28		67			67
29		89			89
30		111			111
31		532			529.9
32		4224			6674.8
33		5660			4373.7
34		11170			3929.2
35		13632			7644.9
36		214714			158107
37		292809			408714
38		486590			127562
39		2.16181e+06			1.9334e+06

p05.pddl
bound		ida*-bfs (exp)		ss-bfs (exp)
37		1844			1946
38		23005			33671.5
39		108796			108692
40		394827			351358
41		417408			547064
42		592208			622867

p22.pddl
bound		ida*-bfs (exp)		ss-bfs (exp)
27		1			1
32		96			97.6
33		339			343.8
34		556			517.4
35		921			867.7
36		1469			1851.3
37		2406			2663.9
38		7367			10979.2
39		25377			12387.6
40		58506			38429.7
41		114624			83665.1
42		218072			177947
43		471333			325555
44		849232			281272

p01.pddl
bound		ida*-bfs (exp)		ss-bfs (exp)
25		1			1
26		4			4
27		7			7
31		10			10
32		22			22
33		94			95.4
34		134			138.6
35		300			269.2
36		1106			919.6
37		1395			1441.2
38		2336			2007.1
39		3365			3164.5
40		8311			7585.1
41		25877			17755.1
42		46072			39725.9

p10.pddl
bound		ida*-bfs (exp)		ss-bfs (exp)
23		1			1
27		10			10
29		127			117.4
30		370			312.4
31		590			624.4
32		716			713.6
33		1329			1578.2
34		14520			12617
35		29513			11834.6
36		101576			41887.5
37		150940			96912.7

p04.pddl
bound		ida*-bfs (exp)		ss-bfs (exp)
26		26			26
27		51			51
30		76			76
31		6679			6679
32		10617			8613.1
33		16735			11042.2
34		21101			18665.5
36		24724			14993.1
37		1.03568e+06			493711

p26.pddl
bound		ida*-bfs (exp)		ss-bfs (exp)
33		1887			1891
34		21313			23249
35		183162			151364
36		806032			----zero_info----

p06.pddl
bound		ida*-bfs (exp)		ss-bfs (exp)
25		1			1
27		19			19
28		37			37
32		1162			1142.2
33		1389			1408.3
34		2988			3015.7
35		3897			1626.4
36		3987			3733.6
37		15009			5040.1
38		17934			8565.4
39		147530			51405.9
40		369561			228139
41		656115			500886

p17.pddl
bound		ida*-bfs (exp)		ss-bfs (exp)
48		26			26
49		1302			1139.1
50		1640			1706.9
52		37241			37760.4
53		61745			73237.6
54		163576			121302

p20.pddl
bound		ida*-bfs (exp)		ss-bfs (exp)
45		50			50
46		64			64
47		97			97.6
48		140			139.4
49		3312			3473.9
50		3650			5343.8
51		5912			6515.3
52		18427			----zero_info----
53		32334			----zero_info----
54		83845			----zero_info----
55		361091			----zero_info----

p28.pddl
bound		ida*-bfs (exp)		ss-bfs (exp)
33		13			13
35		38			38
36		75			75
38		339			409.4
39		589			395.8
40		5318			7101.4
41		14581			18884.8
42		83471			----zero_info----
43		98564			----zero_info----
44		223244			----zero_info----

p23.pddl
bound		ida*-bfs (exp)		ss-bfs (exp)
31		4			4
33		13			13
35		22			22
36		61			61
37		142			161.2
38		315			349
39		362			331.8
40		572			642.2
41		1038			1003.7
42		5505			3524.4
43		12266			7416.5
44		19410			17254
45		93619			43493.1
46		169682			98003.3
47		357317			1.0294e+06
48		838865			388657

p21.pddl
bound		ida*-bfs (exp)		ss-bfs (exp)
32		2			2
33		15			13.8
34		20			21
35		44			43.6
36		167			171.8
37		416			402.8
38		1066			1059.4
39		2798			2085.1
40		8285			20382.2
41		19147			12407.9
42		44820			21179
43		70441			46928
44		132489			205184
45		656734			1.03323e+06
46		2.36721e+06			6.62313e+06
47		4.35356e+06			1.6862e+07

p03.pddl
bound		ida*-bfs (exp)		ss-bfs (exp)
26		1			1
32		4			4
33		6			6
34		9			9
35		14			14
36		23			23
37		60			70.8
38		147			157.6
39		206			218.2
40		351			357.5
41		438			459.6
42		583			687.3
43		836			979.9
44		2553			2942
45		8870			10395.4
46		24910			22229.7
47		56901			121873
48		120352			68250.6
49		251336			498477
50		682761			228088
51		1.14893e+06			154030
52		6.15675e+06			3.06124e+06

p24.pddl
bound		ida*-bfs (exp)		ss-bfs (exp)
37		403			416.6
38		1329			1170.8
39		7716			6561.2
40		48697			43525.3
41		118675			79744.5

p09.pddl
bound		ida*-bfs (exp)		ss-bfs (exp)
38		23			31
39		53			55.2
40		72			59.4
41		299			294.8
42		591			529.1
43		3114			3236.5
44		4847			4332.2
45		7065			8408.1
46		38093			45085.7
47		44775			56375.4
48		506279			576567
49		884339			1.42502e+06
50		1.27001e+06			1.46207e+06

p08.pddl
bound		ida*-bfs (exp)		ss-bfs (exp)
26		42			42
27		149			149
28		1135			1029.2
29		7977			8268.2
31		9484			10854.8
32		12550			8345.7
33		16087			13794.9
34		292723			115698
35		1.08561e+06			640209

p16.pddl
bound		ida*-bfs (exp)		ss-bfs (exp)
36		1			1
44		14			14
45		63			64.6
46		98			99
47		171			137.7
48		313			281.1
49		882			1095.5
50		1713			1207.9
51		4183			3064.3
52		12573			6162.7
53		30276			37995.6
54		61886			55414.8
55		155342			58169.2
56		483008			216215
57		1.12654e+06			1.39019e+06

p11.pddl
bound		ida*-bfs (exp)		ss-bfs (exp)
39		2			2
41		4			4
42		6			6
43		18			19.5
44		28			28
45		35			34.9
46		65			71.7
47		94			97.9
48		193			179.4
49		268			258
50		588			719.9
51		1054			1526.3
52		2250			2087
53		3731			2954
54		6159			4178.4
55		13525			9264.1
56		25172			54544.1

p27.pddl
bound		ida*-bfs (exp)		ss-bfs (exp)
39		2			2
40		3			3
41		4			4
44		9			8.4
45		14			14
46		23			20.6
47		28			30.2
48		69			68.7
49		70			66.3
50		130			111.8
51		217			225.9
52		501			426.6
53		1474			2247.3
54		2029			1719.8
55		3734			4359.4
56		8647			10619
57		18521			36337.1
58		69275			36473.8
59		154198			60503.3
60		718419			1.11524e+06

p02.pddl
bound		ida*-bfs (exp)		ss-bfs (exp)
20		1			1
24		39			39
26		27378			27665.4

Files that contains zero_info:	4
p18.pddl
p20.pddl
p26.pddl
p28.pddl
