	Report:		ida*-bfs-vs-ss-bfs - using lmcut heuristic - 10 probes.

tidybot-opt11-strips

p14.pddl
bound		ida*-bfs (exp)		ss-bfs (exp)
17		65			66.4
18		125			102.6
19		1428			1134.2
20		3045			2801.8
21		26222			25071.8
22		54469			54002.6
23		415365			521532

p19.pddl
bound		ida*-bfs (exp)		ss-bfs (exp)
21		14			14
22		161			197.5
23		494			557
24		5627			4444.5
25		13702			52278.8
26		122596			263267
27		287648			602225

p18.pddl
bound		ida*-bfs (exp)		ss-bfs (exp)
18		6			6
19		13			13
20		82			83.9
21		236			228.3
22		1104			1020.5
23		3487			4204.1
24		14988			14485.1
25		48829			52353.7
26		201660			201666
27		667832			727545

p15.pddl
bound		ida*-bfs (exp)		ss-bfs (exp)
18		5			5
19		720			631.6
20		1787			1666
21		29146			22621.3
22		72052			87257.8

p12.pddl
bound		ida*-bfs (exp)		ss-bfs (exp)
21		1			1
22		10			11.2
23		37			21.4
24		213			295.2
25		851			521
26		4441			2484.8
27		19639			9173.8
28		91858			63286.2
29		437075			156620

p13.pddl
bound		ida*-bfs (exp)		ss-bfs (exp)
16		2			2
17		35			37.8
18		116			153.4
19		621			695
20		2034			2582.3
21		9002			10952.8
22		29933			40930.6
23		122605			134054
24		418574			282384

p07.pddl
bound		ida*-bfs (exp)		ss-bfs (exp)
13		16			16
14		213			196.6
15		1204			575.7
16		6866			4084.5
17		37341			37263.3

p05.pddl
bound		ida*-bfs (exp)		ss-bfs (exp)
24		2			2
25		100			48.6
26		429			231.2
27		3189			6992.2
28		14366			6550.4
29		69824			31308.3
30		331373			53519
31		1.2794e+06			649670

p01.pddl
bound		ida*-bfs (exp)		ss-bfs (exp)
4		65			65

p10.pddl
bound		ida*-bfs (exp)		ss-bfs (exp)
22		1			1
23		16			15.2
24		92			83.9
25		404			341.4
26		2014			1866.7
27		8529			5546.9
28		38920			48133.4
29		173287			88342.2

p04.pddl
bound		ida*-bfs (exp)		ss-bfs (exp)
25		178			62.7
26		476			759.6
27		5352			2228.6
28		12907			7295
29		108545			23558.7
30		251587			40146.5
31		1.85954e+06			1.08539e+06
32		4.29669e+06			2.10473e+06

p06.pddl
bound		ida*-bfs (exp)		ss-bfs (exp)
27		23			24.8
28		98			81.2
29		752			2741.7
30		3590			8654.9
31		20846			49844.4
32		104493			199721

p17.pddl
bound		ida*-bfs (exp)		ss-bfs (exp)
21		41			45.8
22		215			244.8
23		1007			529.4
24		4707			6797.4
25		18425			28674.4
26		77617			166915
27		298518			87528.6

p20.pddl
bound		ida*-bfs (exp)		ss-bfs (exp)
26		2			2
27		11			11
28		48			48
29		166			162.8
30		715			711.8
31		1959			1863.4
32		8702			8574.8
33		21419			24355.4
34		95968			99719.6
35		228074			209171

p03.pddl
bound		ida*-bfs (exp)		ss-bfs (exp)
12		35			28.3
13		105			77.2
14		1021			1497.6
15		3783			4941.3
16		37550			186088

p09.pddl
bound		ida*-bfs (exp)		ss-bfs (exp)
17		320			245.8
18		719			377
19		8048			8923.9
20		22840			30985.7
21		151675			74372.3
22		548451			611214

p08.pddl
bound		ida*-bfs (exp)		ss-bfs (exp)
19		5			5
20		30			24.8
21		142			152.6
22		464			546.8
23		1981			2318.4
24		5221			5306.6
25		22068			24775.9
26		51895			41641.6
27		221992			152254
28		489204			468697
29		2.13938e+06			2.27243e+06

p16.pddl
bound		ida*-bfs (exp)		ss-bfs (exp)
22		2			2
23		29			30
24		78			80.6
25		673			739.6
26		1694			1728.6
27		12048			8570
28		30877			39636
29		198055			167105
30		528698			528446

p11.pddl
bound		ida*-bfs (exp)		ss-bfs (exp)
15		9			9
16		24			25.2
17		124			106.6
18		371			412.2
19		1305			1476.8
20		4197			5523.2
21		12447			15182.2
22		42342			40059
23		115690			102982
24		407194			275225
25		1.0839e+06			768547

p02.pddl
bound		ida*-bfs (exp)		ss-bfs (exp)
19		5			5
20		23			22.2
21		124			119.1
22		387			540.5
23		1651			1616.6
24		4705			3955
25		17571			12774
26		48675			50227.7
27		165502			106294
28		457779			1.02354e+06
29		1.46016e+06			581200
30		4.09483e+06			1.675e+07
