	0.34		1.37
	0.34		1.13
	0.34		1.00
	0.34		0.65
	0.34		0.21
	0.34		0.65
	0.34		0.69
	0.47		1.14
	0.47		0.27
	0.47		0.36
	0.47		0.85
	0.47		1.31
	0.47		1.75
	0.47		1.21
	0.47		1.48
	0.47		1.98
	0.47		0.91
	0.47		0.85
	0.47		1.79
	0.47		1.14
	0.47		2.40
	0.58		0.30
	0.58		0.94
	0.58		1.98
	0.58		0.48
	0.58		0.94
	0.58		1.64
	0.58		0.83
	0.58		1.00
	0.58		0.15
	0.58		1.45
	0.58		1.00
	0.58		0.51
	0.58		0.73
	0.58		0.48
	0.58		0.69
	0.58		1.37
	0.72		0.57
	0.72		0.76
	0.82		1.21
	0.82		0.91
	0.82		1.79
	0.82		2.40
	1.00		1.06
	1.00		0.21
	1.00		0.61
	1.00		0.18
	1.00		2.10
	1.00		0.69
	1.00		3.34
	1.00		0.32
	1.00		0.32
	1.00		0.15
	1.00		0.51
	1.00		2.10
	1.00		1.21
	1.00		1.06
	1.00		3.15
	1.00		0.51
	1.00		1.34
	1.00		0.30
	1.00		0.94
	1.00		1.37
	1.00		1.98
	1.00		0.48
	1.00		1.00
	1.00		6.61
	1.00		0.58
	1.00		0.65
	1.00		0.75
	1.00		1.00
	1.00		3.15
	1.00		0.94
	1.00		0.83
	1.00		1.74
	1.00		0.65
	1.00		1.13
	1.00		5.46
	1.00		1.74
	1.00		0.58
	1.00		1.64
	1.00		0.73
	1.00		0.48
	1.00		1.45
	1.00		1.53
	1.00		1.98
	1.00		1.53
	1.00		4.83
	1.00		0.88
	1.22		0.56
	1.22		1.10
	1.22		0.82
	1.22		0.42
	1.40		1.75
	1.40		1.31
	1.71		1.45
	1.71		0.73
	1.74		0.69
	1.74		3.34
	1.74		0.61
	1.74		2.10
	1.74		1.00
	1.74		2.10
	1.74		1.00
	1.74		1.21
	1.74		1.37
	1.74		1.06
	1.74		6.61
	1.74		1.06
	1.74		0.51
	1.74		1.98
	2.12		0.50
	2.12		0.88
	2.12		0.82
	2.12		2.76
	2.12		0.57
	2.12		0.56
	2.12		1.10
	2.12		1.17
	2.12		0.88
	2.12		3.68
	2.12		0.42
	2.12		0.76
	2.12		0.67
	2.12		1.17
	2.97		4.83
	2.97		1.00
	2.97		0.88
	2.97		1.53
	2.97		0.73
	2.97		1.53
	2.97		1.45
	0.28		1.00
	0.29		1.00
	0.39		1.00
	0.39		1.00
	0.39		1.00
	0.40		1.00
	0.40		1.00
	0.40		1.00
	0.43		1.00
	0.43		1.00
	0.44		1.00
	0.44		1.00
	0.45		1.04
	0.46		1.00
	0.47		1.00
	0.47		1.00
	0.48		1.00
	0.48		1.00
	0.59		1.00
	0.59		1.00
	0.61		1.00
	0.61		0.96
	0.62		1.00
	0.63		1.04
	0.63		1.04
	0.63		1.04
	0.63		0.96
	0.63		1.00
	0.63		1.00
	0.63		1.00
	0.65		1.00
	0.65		1.00
	0.70		1.04
	0.70		1.04
	0.71		1.00
	0.71		1.00
	0.72		1.00
	0.72		1.00
	0.72		1.00
	0.77		1.04
	0.77		1.04
	0.78		1.00
	0.78		1.00
	0.82		1.00
	0.82		1.00
	0.82		1.00
	0.82		1.00
	0.82		1.00
	0.82		1.00
	0.89		1.00
	0.89		1.00
	0.89		1.00
	0.89		1.00
	0.89		1.00
	0.89		1.00
	0.91		1.00
	0.91		1.00
	0.91		1.00
	0.91		1.00
	0.97		1.00
	0.99		1.04
	1.00		1.00
	1.00		1.00
	1.00		1.00
	1.00		1.00
	1.00		1.00
	1.00		1.00
	1.00		1.00
	1.00		1.00
	1.00		1.00
	1.00		1.00
	1.01		0.96
	1.03		1.00
	1.09		1.00
	1.09		1.00
	1.09		1.00
	1.09		1.00
	1.12		1.00
	1.12		1.00
	1.12		1.00
	1.12		1.00
	1.12		1.00
	1.12		1.00
	1.22		1.00
	1.22		1.00
	1.22		1.00
	1.22		1.00
	1.22		1.00
	1.22		1.00
	1.29		1.00
	1.29		1.00
	1.30		0.96
	1.30		0.96
	1.39		1.00
	1.39		1.00
	1.39		1.00
	1.41		1.00
	1.41		1.00
	1.42		0.96
	1.42		0.96
	1.55		1.00
	1.55		1.00
	1.58		1.00
	1.58		1.00
	1.58		1.00
	1.59		1.04
	1.59		0.96
	1.59		0.96
	1.59		0.96
	1.60		1.00
	1.63		1.04
	1.65		1.00
	1.69		1.00
	1.69		1.00
	2.07		1.00
	2.07		1.00
	2.12		1.00
	2.12		1.00
	2.18		1.00
	2.21		0.96
	2.26		1.00
	2.26		1.00
	2.32		1.00
	2.32		1.00
	2.53		1.00
	2.53		1.00
	2.53		1.00
	2.59		1.00
	2.59		1.00
	2.59		1.00
	3.50		1.00
	3.59		1.00
	0.65		0.18
	0.65		1.32
	0.65		1.32
	0.65		0.44
	0.65		0.63
	0.65		0.82
	0.65		0.34
	0.65		0.82
	0.65		0.34
	0.65		1.12
	0.65		1.12
	0.65		1.86
	0.65		0.59
	0.65		1.86
	0.65		1.10
	0.65		1.10
	0.65		1.00
	0.65		0.61
	0.65		1.18
	0.65		1.18
	0.65		0.71
	0.72		0.91
	0.72		0.87
	0.72		0.85
	0.72		0.64
	0.72		0.26
	0.72		1.02
	0.72		1.44
	0.78		0.94
	0.78		0.51
	0.78		0.94
	0.83		1.97
	0.83		1.19
	0.83		1.17
	0.83		0.36
	0.83		0.88
	0.83		1.40
	0.83		1.25
	0.86		0.73
	0.91		0.70
	0.91		1.29
	0.91		1.29
	1.00		1.36
	1.00		1.65
	1.00		2.25
	1.00		1.58
	1.00		5.44
	1.00		1.02
	1.00		1.69
	1.00		0.61
	1.00		3.29
	1.00		0.63
	1.00		0.54
	1.00		0.54
	1.00		0.85
	1.00		0.96
	1.00		1.00
	1.00		0.26
	1.00		0.41
	1.00		0.31
	1.00		0.18
	1.00		1.04
	1.00		0.29
	1.00		0.30
	1.00		3.44
	1.00		0.89
	1.00		1.42
	1.00		1.07
	1.00		1.60
	1.00		1.41
	1.00		0.73
	1.00		0.70
	1.00		2.41
	1.00		0.44
	1.00		0.75
	1.00		0.63
	1.00		1.17
	1.00		1.12
	1.00		3.85
	1.00		0.71
	1.00		1.20
	1.00		1.86
	1.00		1.00
	1.00		1.86
	1.00		0.84
	1.00		1.33
	1.00		0.59
	1.00		3.22
	1.00		0.94
	1.00		0.98
	1.10		0.77
	1.10		0.77
	1.10		1.44
	1.16		1.37
	1.20		0.80
	1.20		2.76
	1.20		0.84
	1.20		0.72
	1.20		1.14
	1.20		0.86
	1.20		0.51
	1.27		1.97
	1.27		1.06
	1.27		1.06
	1.40		0.98
	1.40		1.57
	1.40		1.15
	1.40		1.10
	1.40		3.78
	1.40		0.70
	1.40		1.17
	1.53		1.41
	1.53		0.89
	1.53		0.85
	1.53		2.93
	1.53		0.54
	1.53		0.91
	1.53		1.21
	1.53		0.76
	1.53		0.89
	1.53		0.85
	1.53		2.93
	1.53		0.54
	1.53		0.91
	1.53		1.21
	1.53		0.76
	1.53		1.65
	1.53		1.58
	1.53		5.44
	1.53		1.00
	1.53		1.69
	1.53		2.25
	0.04		1.00
	0.06		1.00
	0.07		1.00
	0.08		1.00
	0.09		1.00
	0.09		1.00
	0.10		0.67
	0.10		1.00
	0.10		1.00
	0.12		1.00
	0.13		1.00
	0.13		1.00
	0.15		1.00
	0.15		1.00
	0.15		0.67
	0.15		1.00
	0.18		1.00
	0.18		1.00
	0.18		0.67
	0.20		1.00
	0.20		1.00
	0.22		0.67
	0.22		1.00
	0.22		1.00
	0.22		0.67
	0.23		1.00
	0.24		1.00
	0.24		1.00
	0.28		1.00
	0.29		1.00
	0.29		1.00
	0.29		1.00
	0.29		1.00
	0.32		1.00
	0.32		1.00
	0.34		1.00
	0.36		1.00
	0.41		1.00
	0.41		1.00
	0.42		1.00
	0.42		1.49
	0.45		1.00
	0.45		1.00
	0.50		1.00
	0.50		1.00
	0.54		1.00
	0.54		0.67
	0.54		1.00
	0.63		1.00
	0.65		1.00
	0.66		1.49
	0.66		1.00
	0.68		1.00
	0.68		1.00
	0.71		1.00
	0.71		1.00
	0.76		0.67
	0.76		1.00
	0.76		0.67
	0.76		1.00
	0.82		1.00
	0.83		1.00
	0.83		1.00
	1.00		1.00
	1.00		1.00
	1.00		1.00
	1.00		0.67
	1.00		1.49
	1.00		1.00
	1.21		1.00
	1.21		1.00
	1.21		1.00
	1.31		1.49
	1.31		1.00
	1.31		1.00
	1.31		1.49
	1.40		1.00
	1.40		1.00
	1.46		1.00
	1.46		1.00
	1.51		0.67
	1.51		1.00
	1.54		1.00
	1.58		1.00
	1.84		1.49
	1.84		1.00
	1.86		1.00
	1.98		1.00
	1.98		1.00
	2.25		1.00
	2.25		1.00
	2.39		0.67
	2.39		1.00
	2.45		1.00
	2.45		1.00
	2.78		1.00
	2.96		1.00
	3.13		1.00
	3.13		1.00
	3.44		1.00
	3.44		1.00
	3.44		1.00
	3.44		1.00
	3.59		1.00
	4.15		1.00
	4.15		1.00
	4.39		1.00
	4.51		1.49
	4.51		1.00
	4.51		1.49
	4.51		1.00
	5.03		1.00
	5.04		1.00
	5.44		1.49
	5.44		1.00
	5.51		1.00
	6.60		1.00
	6.60		1.49
	6.82		1.00
	6.82		1.00
	7.73		1.00
	7.74		1.00
	8.23		1.00
	9.99		1.00
	10.13		1.49
	10.13		1.00
	10.78		1.00
	10.78		1.00
	13.00		1.00
	15.33		1.00
	15.78		1.00
	24.22		1.00
	0.11		0.96
	0.11		1.00
	0.11		0.30
	0.13		1.00
	0.13		0.96
	0.13		0.30
	0.21		0.96
	0.23		0.96
	0.27		0.30
	0.29		1.00
	0.29		0.99
	0.30		0.30
	0.32		0.85
	0.32		0.95
	0.32		0.30
	0.32		1.00
	0.32		0.99
	0.35		0.85
	0.35		1.00
	0.35		3.24
	0.35		3.38
	0.35		0.31
	0.35		1.01
	0.35		1.05
	0.36		0.95
	0.36		0.30
	0.36		1.13
	0.36		1.18
	0.36		0.35
	0.39		0.30
	0.39		1.01
	0.39		0.97
	0.39		1.00
	0.39		0.30
	0.39		0.96
	0.42		3.24
	0.42		1.00
	0.42		3.38
	0.55		1.04
	0.55		1.00
	0.55		0.31
	0.64		3.24
	0.64		1.01
	0.65		1.13
	0.71		0.97
	0.71		0.96
	0.77		3.24
	0.83		1.00
	0.83		0.31
	0.85		0.35
	0.90		1.00
	0.91		3.36
	0.91		3.38
	0.91		1.05
	0.91		1.04
	0.92		0.30
	0.92		0.30
	0.93		1.17
	0.93		1.18
	0.98		2.88
	0.98		0.89
	1.00		3.21
	1.00		0.31
	1.00		3.24
	1.00		0.99
	1.00		1.04
	1.00		0.30
	1.00		3.38
	1.00		0.96
	1.00		1.01
	1.00		0.31
	1.02		1.12
	1.02		0.35
	1.08		0.86
	1.08		0.85
	1.09		3.36
	1.09		3.38
	1.10		0.95
	1.10		0.96
	1.10		0.30
	1.10		0.30
	1.11		1.00
	1.17		2.88
	1.20		3.21
	1.20		1.00
	1.30		0.31
	1.42		1.04
	1.42		1.04
	1.53		0.89
	1.56		0.99
	1.56		0.31
	1.82		0.96
	1.82		1.00
	1.82		3.24
	2.37		0.31
	2.37		0.30
	2.37		1.00
	2.58		3.36
	2.58		1.00
	2.58		0.99
	2.58		1.04
	2.58		1.04
	2.58		3.38
	2.78		0.89
	2.78		0.85
	2.78		2.88
	2.79		3.38
	2.79		1.05
	2.85		3.21
	2.85		0.95
	2.85		0.99
	2.85		1.00
	2.85		0.30
	2.85		0.31
	2.85		1.18
	3.08		1.01
	3.08		1.00
	3.09		3.38
	3.09		1.05
	3.16		1.18
	3.34		3.38
	3.42		1.00
	3.42		1.01
	3.71		3.38
	4.36		1.04
	4.84		1.04
	7.93		1.00
	7.93		3.38
	7.93		1.04
	8.80		1.00
	8.80		1.04
	8.80		3.38
	0.02		1.00
	0.03		1.00
	0.04		1.00
	0.04		1.00
	0.04		1.00
	0.04		1.00
	0.04		1.00
	0.04		1.00
	0.04		1.00
	0.04		1.00
	0.04		1.00
	0.04		1.00
	0.04		1.00
	0.04		1.00
	0.05		1.00
	0.05		1.00
	0.05		1.00
	0.05		1.00
	0.13		1.00
	0.15		1.00
	0.19		1.00
	0.27		1.00
	0.27		1.00
	0.27		1.00
	0.27		1.00
	0.27		1.00
	0.27		1.00
	0.36		1.00
	0.36		1.00
	0.53		1.00
	0.53		1.00
	0.70		1.00
	0.70		1.00
	0.70		1.00
	0.70		1.00
	0.70		1.00
	0.70		1.00
	0.76		1.00
	0.76		1.00
	0.76		1.00
	0.76		1.00
	0.76		1.00
	0.76		1.00
	0.76		1.00
	0.76		1.00
	0.76		1.00
	0.76		1.00
	0.76		1.00
	0.76		1.00
	0.86		1.00
	1.00		1.00
	1.00		1.00
	1.00		1.00
	1.00		1.00
	1.00		1.00
	1.00		1.00
	1.00		1.00
	1.00		1.00
	1.00		1.00
	1.00		1.00
	1.00		1.00
	1.00		1.00
	1.00		1.00
	1.00		1.00
	1.00		1.00
	1.00		1.00
	1.00		1.00
	1.00		1.00
	1.00		1.00
	1.00		1.00
	1.00		1.00
	1.00		1.00
	1.00		1.00
	1.00		1.00
	1.00		1.00
	1.00		1.00
	1.00		1.00
	1.00		1.00
	1.00		1.00
	1.00		1.00
	1.00		1.00
	1.00		1.00
	1.17		1.00
	1.32		1.00
	1.32		1.00
	1.32		1.00
	1.32		1.00
	1.32		1.00
	1.32		1.00
	1.32		1.00
	1.32		1.00
	1.32		1.00
	1.32		1.00
	1.32		1.00
	1.32		1.00
	1.43		1.00
	1.43		1.00
	1.43		1.00
	1.43		1.00
	1.43		1.00
	1.43		1.00
	1.88		1.00
	1.88		1.00
	2.81		1.00
	2.81		1.00
	3.70		1.00
	3.70		1.00
	3.70		1.00
	3.70		1.00
	3.70		1.00
	3.70		1.00
	5.29		1.00
	6.54		1.00
	7.63		1.00
	18.36		1.00
	18.36		1.00
	21.43		1.00
	21.43		1.00
	24.19		1.00
	24.19		1.00
	24.19		1.00
	24.19		1.00
	24.19		1.00
	24.19		1.00
	28.23		1.00
	28.23		1.00
	28.23		1.00
	28.23		1.00
	28.23		1.00
	28.23		1.00
	34.62		1.00
	40.39		1.00
	0.00		1.00
	0.00		1.01
	0.00		1.00
	0.00		1.00
	0.00		1.00
	0.00		1.00
	0.00		1.00
	0.00		1.00
	0.00		1.00
	0.00		1.00
	0.00		1.00
	0.00		1.01
	0.00		1.00
	0.00		1.00
	0.00		1.00
	0.00		1.00
	0.00		1.00
	0.00		1.00
	0.00		1.01
	0.00		1.00
	0.00		1.00
	0.00		1.00
	0.00		1.00
	0.00		1.00
	0.00		1.00
	0.00		1.00
	0.00		1.00
	0.05		1.00
	0.21		1.00
	0.26		1.00
	1.00		1.00
	1.00		1.00
	1.00		1.00
	1.00		1.00
	1.00		1.00
	1.00		1.01
	1.00		1.00
	1.00		1.00
	1.00		1.00
	1.00		1.00
	1.00		1.01
	1.00		1.00
	1.00		1.00
	1.00		1.00
	1.00		1.00
	1.00		1.00
	1.00		1.00
	1.00		1.00
	1.00		1.01
	1.00		1.00
	1.00		1.00
	1.00		1.00
	1.00		1.00
	1.00		1.00
	1.00		1.00
	1.00		0.99
	1.00		0.99
	1.00		0.99
	1.00		0.99
	1.00		0.99
	1.00		0.99
	1.00		0.99
	1.00		0.99
	1.00		1.00
	1.00		1.00
	1.00		1.01
	1.00		1.00
	1.00		1.00
	1.00		1.00
	1.00		1.00
	1.00		1.00
	1.00		1.00
	1.00		1.01
	1.00		1.00
	1.00		1.00
	1.00		1.00
	1.00		1.00
	1.00		1.00
	1.00		1.00
	1.00		1.00
	1.00		1.00
	1.00		1.00
	1.00		1.00
	1.00		1.01
	1.00		1.00
	1.00		1.00
	1.00		1.00
	1.00		1.00
	1.00		1.00
	1.00		1.00
	1.00		1.00
	1.00		1.00
	1.00		1.00
	1.00		1.01
	1.00		1.00
	1.00		1.00
	1.00		1.00
	1.00		1.00
	1.00		1.01
	1.00		1.00
	1.00		1.00
	1.00		1.00
	3.81		1.00
	4.85		1.00
	18.47		1.00
	1320.62		0.99
	1320.62		1.00
	1320.62		1.00
	1320.62		1.00
	1320.62		1.00
	1320.62		1.00
	1320.62		1.00
	1320.62		1.00
	1320.62		1.00
	6400.73		1.00
	6400.73		1.00
	6400.73		1.00
	6400.73		1.00
	6400.73		1.00
	6400.73		1.00
	6400.73		1.00
	6400.73		1.00
	6400.73		0.99
	24395.26		1.00
	24395.26		1.00
	24395.26		1.00
	24395.26		1.00
	24395.26		1.00
	24395.26		1.00
	24395.26		1.00
	24395.26		0.99
	24395.26		1.00
	0.00		1.00
	0.00		1.26
	0.00		1.00
	0.00		1.00
	0.00		1.00
	0.00		1.00
	0.00		1.00
	0.00		1.00
	0.00		1.00
	0.00		1.00
	0.00		1.00
	0.00		1.26
	0.00		1.00
	0.00		1.00
	0.00		1.00
	0.00		1.00
	0.00		1.00
	0.00		1.00
	0.00		1.26
	0.00		1.00
	0.00		1.00
	0.00		1.00
	0.00		1.00
	0.00		1.00
	0.00		1.00
	0.00		1.00
	0.00		1.00
	0.01		1.00
	0.05		1.00
	0.27		1.00
	1.00		1.00
	1.00		1.00
	1.00		1.00
	1.00		1.00
	1.00		1.00
	1.00		1.26
	1.00		1.00
	1.00		1.00
	1.00		1.00
	1.00		1.00
	1.00		1.26
	1.00		1.00
	1.00		1.00
	1.00		1.00
	1.00		1.00
	1.00		1.00
	1.00		1.00
	1.00		1.00
	1.00		1.26
	1.00		1.00
	1.00		1.00
	1.00		1.00
	1.00		1.00
	1.00		1.00
	1.00		1.00
	1.00		0.79
	1.00		0.79
	1.00		0.79
	1.00		0.79
	1.00		0.79
	1.00		0.79
	1.00		0.79
	1.00		0.79
	1.00		1.00
	1.00		1.00
	1.00		1.26
	1.00		1.00
	1.00		1.00
	1.00		1.00
	1.00		1.00
	1.00		1.00
	1.00		1.00
	1.00		1.26
	1.00		1.00
	1.00		1.00
	1.00		1.00
	1.00		1.00
	1.00		1.00
	1.00		1.00
	1.00		1.00
	1.00		1.00
	1.00		1.00
	1.00		1.00
	1.00		1.26
	1.00		1.00
	1.00		1.00
	1.00		1.00
	1.00		1.00
	1.00		1.00
	1.00		1.00
	1.00		1.00
	1.00		1.00
	1.00		1.00
	1.00		1.26
	1.00		1.00
	1.00		1.00
	1.00		1.00
	1.00		1.00
	1.00		1.26
	1.00		1.00
	1.00		1.00
	1.00		1.00
	3.74		1.00
	19.98		1.00
	74.81		1.00
	1315.26		0.79
	1315.26		1.00
	1315.26		1.00
	1315.26		1.00
	1315.26		1.00
	1315.26		1.00
	1315.26		1.00
	1315.26		1.00
	1315.26		1.00
	26281.71		1.00
	26281.71		1.00
	26281.71		1.00
	26281.71		1.00
	26281.71		1.00
	26281.71		1.00
	26281.71		1.00
	26281.71		1.00
	26281.71		0.79
	98394.10		1.00
	98394.10		1.00
	98394.10		1.00
	98394.10		1.00
	98394.10		1.00
	98394.10		1.00
	98394.10		1.00
	98394.10		0.79
	98394.10		1.00
	0.00		1.00
	0.00		1.00
	0.00		1.00
	0.00		1.00
	0.00		1.00
	0.00		1.00
	0.00		1.00
	0.00		1.00
	0.00		1.00
	0.00		1.00
	0.00		1.00
	0.00		1.00
	0.00		1.00
	0.00		1.00
	0.00		1.00
	0.00		1.00
	0.00		1.00
	0.00		1.00
	0.00		1.00
	0.00		1.00
	0.00		1.00
	0.00		1.00
	0.00		1.00
	0.00		1.00
	0.00		1.00
	0.00		1.00
	0.00		1.00
	0.00		1.00
	0.00		1.00
	0.00		1.00
	0.00		1.00
	0.00		1.00
	0.08		1.00
	0.10		1.00
	0.10		1.00
	0.13		1.00
	0.77		1.00
	0.82		1.00
	1.00		1.00
	1.00		1.00
	1.00		1.00
	1.00		1.00
	1.00		1.00
	1.00		1.00
	1.00		1.00
	1.00		1.00
	1.00		1.00
	1.00		1.00
	1.00		1.00
	1.00		1.00
	1.00		1.00
	1.00		1.00
	1.00		1.00
	1.00		1.00
	1.00		1.00
	1.00		1.00
	1.00		1.00
	1.00		1.00
	1.00		1.00
	1.00		1.00
	1.00		1.00
	1.00		1.00
	1.00		1.00
	1.00		1.00
	1.00		1.00
	1.00		1.00
	1.00		1.00
	1.00		1.00
	1.00		1.00
	1.00		1.00
	1.00		1.00
	1.00		1.00
	1.00		1.00
	1.00		1.00
	1.00		1.00
	1.00		1.00
	1.00		1.00
	1.00		1.00
	1.00		1.00
	1.00		1.00
	1.00		1.00
	1.00		1.00
	1.00		1.00
	1.00		1.00
	1.00		1.00
	1.00		1.00
	1.00		1.00
	1.00		1.00
	1.00		1.00
	1.00		1.00
	1.00		1.00
	1.00		1.00
	1.00		1.00
	1.00		1.00
	1.22		1.00
	1.31		1.00
	7.89		1.00
	9.62		1.00
	10.31		1.00
	12.57		1.00
	7289.74		1.00
	7289.74		1.00
	7289.74		1.00
	7289.74		1.00
	7289.74		1.00
	7289.74		1.00
	7289.74		1.00
	7289.74		1.00
	8893.69		1.00
	8893.69		1.00
	8893.69		1.00
	8893.69		1.00
	8893.69		1.00
	8893.69		1.00
	8893.69		1.00
	8893.69		1.00
	70135.66		1.00
	70135.66		1.00
	70135.66		1.00
	70135.66		1.00
	70135.66		1.00
	70135.66		1.00
	70135.66		1.00
	70135.66		1.00
	91657.99		1.00
	91657.99		1.00
	91657.99		1.00
	91657.99		1.00
	91657.99		1.00
	91657.99		1.00
	91657.99		1.00
	91657.99		1.00
	0.00		1.00
	0.00		1.00
	0.00		1.00
	0.00		1.00
	0.00		1.00
	0.00		1.00
	0.00		1.00
	0.00		1.00
	0.00		1.00
	0.00		1.00
	0.00		1.00
	0.00		1.00
	0.00		1.00
	0.00		1.00
	0.00		1.00
	0.00		1.00
	0.00		1.00
	0.00		1.00
	0.00		1.00
	0.00		1.00
	0.00		1.00
	0.00		1.00
	0.00		1.00
	0.00		1.00
	0.00		1.00
	0.00		1.00
	0.00		1.00
	0.00		1.00
	0.00		1.00
	0.00		1.00
	0.00		1.00
	0.00		1.00
	0.00		1.00
	0.00		1.00
	0.00		1.00
	0.07		1.00
	0.16		1.00
	0.22		1.00
	0.24		1.00
	0.30		1.00
	0.33		1.00
	0.47		1.00
	0.64		1.00
	0.70		1.00
	0.91		1.00
	1.00		1.00
	1.00		1.00
	1.00		1.00
	1.00		1.00
	1.00		1.00
	1.00		1.00
	1.00		1.00
	1.00		1.00
	1.00		1.00
	1.00		1.00
	1.00		1.00
	1.00		1.00
	1.00		1.00
	1.00		1.00
	1.00		1.00
	1.00		1.00
	1.00		1.00
	1.00		1.00
	1.00		1.00
	1.00		1.00
	1.00		1.00
	1.00		1.00
	1.00		1.00
	1.00		1.00
	1.00		1.00
	1.00		1.00
	1.00		1.00
	1.00		1.00
	1.00		1.00
	1.00		1.00
	1.00		1.00
	1.00		1.00
	1.00		1.00
	1.00		1.00
	1.00		1.00
	1.00		1.00
	1.00		1.00
	1.00		1.00
	1.00		1.00
	1.00		1.00
	1.00		1.00
	1.00		1.00
	1.10		1.00
	1.43		1.00
	1.56		1.00
	2.14		1.00
	3.06		1.00
	3.35		1.00
	4.10		1.00
	4.49		1.00
	6.41		1.00
	13.74		1.00
	97294.46		1.00
	97294.46		1.00
	97294.46		1.00
	97294.46		1.00
	97294.46		1.00
	97294.46		1.00
	97294.46		1.00
	398708.98		1.00
	398708.98		1.00
	398708.98		1.00
	398708.98		1.00
	398708.98		1.00
	398708.98		1.00
	398708.98		1.00
	436893.64		1.00
	436893.64		1.00
	436893.64		1.00
	436893.64		1.00
	436893.64		1.00
	436893.64		1.00
	436893.64		1.00
	623856.78		1.00
	623856.78		1.00
	623856.78		1.00
	623856.78		1.00
	623856.78		1.00
	623856.78		1.00
	623856.78		1.00
	1336592.82		1.00
	1336592.82		1.00
	1336592.82		1.00
	1336592.82		1.00
	1336592.82		1.00
	1336592.82		1.00
	1336592.82		1.00
	0.00		1.00
	0.00		1.00
	0.00		1.00
	0.00		1.00
	0.00		1.00
	0.00		1.00
	0.00		1.00
	0.00		1.00
	0.00		1.00
	0.00		1.00
	0.00		1.00
	0.00		1.00
	0.00		1.00
	0.00		1.00
	0.00		1.00
	0.00		1.00
	0.00		1.00
	0.00		1.00
	0.00		1.00
	0.00		1.00
	0.00		1.00
	0.00		1.00
	0.00		1.00
	0.00		1.00
	0.00		1.00
	0.00		1.00
	0.00		1.00
	0.00		1.00
	0.00		1.00
	0.00		1.00
	0.00		1.00
	0.00		1.00
	0.00		1.00
	0.00		1.00
	0.00		1.00
	0.00		1.00
	0.02		1.00
	0.02		1.00
	0.04		1.00
	0.08		1.00
	0.19		1.00
	0.19		1.00
	0.41		1.00
	0.42		1.00
	0.98		1.00
	1.00		1.00
	1.00		1.00
	1.00		1.00
	1.00		1.00
	1.00		1.00
	1.00		1.00
	1.00		1.00
	1.00		1.00
	1.00		1.00
	1.00		1.00
	1.00		1.00
	1.00		1.00
	1.00		1.00
	1.00		1.00
	1.00		1.00
	1.00		1.00
	1.00		1.00
	1.00		1.00
	1.00		1.00
	1.00		1.00
	1.00		1.00
	1.00		1.00
	1.00		1.00
	1.00		1.00
	1.00		1.00
	1.00		1.00
	1.00		1.00
	1.00		1.00
	1.00		1.00
	1.00		1.00
	1.00		1.00
	1.00		1.00
	1.00		1.00
	1.00		1.00
	1.00		1.00
	1.00		1.00
	1.00		1.00
	1.00		1.00
	1.00		1.00
	1.00		1.00
	1.00		1.00
	1.00		1.00
	1.02		1.00
	2.38		1.00
	2.43		1.00
	5.28		1.00
	5.39		1.00
	12.85		1.00
	23.51		1.00
	55.99		1.00
	57.20		1.00
	301.99		1.00
	8477.16		1.00
	8477.16		1.00
	8477.16		1.00
	8477.16		1.00
	8477.16		1.00
	8477.16		1.00
	8477.16		1.00
	199274.85		1.00
	199274.85		1.00
	199274.85		1.00
	199274.85		1.00
	199274.85		1.00
	199274.85		1.00
	199274.85		1.00
	474615.78		1.00
	474615.78		1.00
	474615.78		1.00
	474615.78		1.00
	474615.78		1.00
	474615.78		1.00
	474615.78		1.00
	484867.18		1.00
	484867.18		1.00
	484867.18		1.00
	484867.18		1.00
	484867.18		1.00
	484867.18		1.00
	484867.18		1.00
	2560037.68		1.00
	2560037.68		1.00
	2560037.68		1.00
	2560037.68		1.00
	2560037.68		1.00
	2560037.68		1.00
	2560037.68		1.00
	0.00		1.00
	0.00		1.00
	0.00		1.00
	0.00		1.00
	0.00		1.00
	0.00		1.00
	0.00		1.00
	0.00		1.00
	0.00		1.00
	0.00		1.00
	0.00		1.00
	0.00		1.00
	0.00		1.00
	0.00		1.00
	0.00		1.00
	0.00		1.00
	0.00		1.00
	0.00		1.00
	0.00		1.00
	0.00		1.00
	0.00		1.00
	0.00		1.00
	0.00		1.00
	0.00		1.00
	0.00		1.00
	0.00		1.00
	0.00		1.00
	0.00		1.00
	0.00		1.00
	0.00		1.00
	0.00		1.00
	0.00		1.00
	0.00		1.00
	0.00		1.00
	0.00		1.00
	0.06		1.00
	0.06		1.00
	0.06		1.00
	0.06		1.00
	0.92		1.00
	0.93		1.00
	0.93		1.00
	0.99		1.00
	0.99		1.00
	1.00		1.00
	1.00		1.00
	1.00		1.00
	1.00		1.00
	1.00		1.00
	1.00		1.00
	1.00		1.00
	1.00		1.00
	1.00		1.00
	1.00		1.00
	1.00		1.00
	1.00		1.00
	1.00		1.00
	1.00		1.00
	1.00		1.00
	1.00		1.00
	1.00		1.00
	1.00		1.00
	1.00		1.00
	1.00		1.00
	1.00		1.00
	1.00		1.00
	1.00		1.00
	1.00		1.00
	1.00		1.00
	1.00		1.00
	1.00		1.00
	1.00		1.00
	1.00		1.00
	1.00		1.00
	1.00		1.00
	1.00		1.00
	1.00		1.00
	1.00		1.00
	1.00		1.00
	1.00		1.00
	1.00		1.00
	1.00		1.00
	1.00		1.00
	1.00		1.00
	1.00		1.00
	1.00		1.00
	1.00		1.00
	1.00		1.00
	1.01		1.00
	1.01		1.00
	1.08		1.00
	1.08		1.00
	1.09		1.00
	16.33		1.00
	16.51		1.00
	16.53		1.00
	17.79		1.00
	82479.35		1.00
	82479.35		1.00
	82479.35		1.00
	82479.35		1.00
	82479.35		1.00
	82479.35		1.00
	82479.35		1.00
	88755.34		1.00
	88755.34		1.00
	88755.34		1.00
	88755.34		1.00
	88755.34		1.00
	88755.34		1.00
	88755.34		1.00
	88872.87		1.00
	88872.87		1.00
	88872.87		1.00
	88872.87		1.00
	88872.87		1.00
	88872.87		1.00
	88872.87		1.00
	89826.58		1.00
	89826.58		1.00
	89826.58		1.00
	89826.58		1.00
	89826.58		1.00
	89826.58		1.00
	89826.58		1.00
	1467116.51		1.00
	1467116.51		1.00
	1467116.51		1.00
	1467116.51		1.00
	1467116.51		1.00
	1467116.51		1.00
	1467116.51		1.00
	0.00		1.00
	0.00		1.00
	0.00		1.00
	0.00		1.00
	0.00		1.00
	0.00		1.00
	0.00		1.00
	0.00		1.00
	0.00		1.00
	0.00		1.00
	0.00		1.00
	0.00		1.00
	0.00		1.00
	0.00		1.00
	0.00		1.00
	0.00		1.00
	0.00		1.00
	0.00		1.00
	0.00		1.00
	0.00		1.00
	0.00		1.00
	0.00		1.00
	0.00		1.00
	0.00		1.00
	0.00		1.00
	0.00		1.00
	0.00		1.00
	0.06		1.00
	0.06		1.00
	0.93		1.00
	1.00		1.00
	1.00		1.00
	1.00		1.00
	1.00		1.00
	1.00		1.00
	1.00		1.00
	1.00		1.00
	1.00		1.00
	1.00		1.00
	1.00		1.00
	1.00		1.00
	1.00		1.00
	1.00		1.00
	1.00		1.00
	1.00		1.00
	1.00		1.00
	1.00		1.00
	1.00		1.00
	1.00		1.00
	1.00		1.00
	1.00		1.00
	1.00		1.00
	1.00		1.00
	1.00		1.00
	1.00		1.00
	1.00		1.00
	1.00		1.00
	1.00		1.00
	1.00		1.00
	1.00		1.00
	1.00		1.00
	1.00		1.00
	1.00		1.00
	1.00		1.00
	1.00		1.00
	1.00		1.00
	1.00		1.00
	1.00		1.00
	1.00		1.00
	1.00		1.00
	1.00		1.00
	1.00		1.00
	1.00		1.00
	1.00		1.00
	1.00		1.00
	1.00		1.00
	1.00		1.00
	1.00		1.00
	1.00		1.00
	1.00		1.00
	1.00		1.00
	1.00		1.00
	1.00		1.00
	1.00		1.00
	1.00		1.00
	1.00		1.00
	1.00		1.00
	1.00		1.00
	1.00		1.00
	1.00		1.00
	1.00		1.00
	1.00		1.00
	1.00		1.00
	1.00		1.00
	1.00		1.00
	1.00		1.00
	1.00		1.00
	1.00		1.00
	1.00		1.00
	1.00		1.00
	1.00		1.00
	1.00		1.00
	1.07		1.00
	15.65		1.00
	16.77		1.00
	3724136.97		1.00
	3724136.97		1.00
	3724136.97		1.00
	3724136.97		1.00
	3724136.97		1.00
	3724136.97		1.00
	3724136.97		1.00
	3724136.97		1.00
	3724136.97		1.00
	3990335.64		1.00
	3990335.64		1.00
	3990335.64		1.00
	3990335.64		1.00
	3990335.64		1.00
	3990335.64		1.00
	3990335.64		1.00
	3990335.64		1.00
	3990335.64		1.00
	62436923.88		1.00
	62436923.88		1.00
	62436923.88		1.00
	62436923.88		1.00
	62436923.88		1.00
	62436923.88		1.00
	62436923.88		1.00
	62436923.88		1.00
	62436923.88		1.00
	0.00		1.00
	0.00		1.00
	0.00		1.00
	0.00		1.00
	0.00		1.00
	0.00		1.00
	0.00		1.00
	0.00		1.00
	0.00		1.00
	0.00		1.00
	0.00		1.00
	0.00		1.00
	0.00		1.00
	0.00		1.00
	0.00		1.00
	0.00		1.00
	0.00		1.00
	0.00		1.00
	0.00		1.00
	0.00		1.00
	0.00		1.00
	0.00		1.00
	0.00		1.00
	0.00		1.00
	0.00		1.00
	0.00		1.00
	0.00		1.00
	0.01		1.00
	0.02		1.00
	0.75		1.00
	1.00		1.00
	1.00		1.00
	1.00		1.00
	1.00		1.00
	1.00		1.00
	1.00		1.00
	1.00		1.00
	1.00		1.00
	1.00		1.00
	1.00		1.00
	1.00		1.00
	1.00		1.00
	1.00		1.00
	1.00		1.00
	1.00		1.00
	1.00		1.00
	1.00		1.00
	1.00		1.00
	1.00		1.00
	1.00		1.00
	1.00		1.00
	1.00		1.00
	1.00		1.00
	1.00		1.00
	1.00		1.00
	1.00		1.00
	1.00		1.00
	1.00		1.00
	1.00		1.00
	1.00		1.00
	1.00		1.00
	1.00		1.00
	1.00		1.00
	1.00		1.00
	1.00		1.00
	1.00		1.00
	1.00		1.00
	1.00		1.00
	1.00		1.00
	1.00		1.00
	1.00		1.00
	1.00		1.00
	1.00		1.00
	1.00		1.00
	1.00		1.00
	1.00		1.00
	1.00		1.00
	1.00		1.00
	1.00		1.00
	1.00		1.00
	1.00		1.00
	1.00		1.00
	1.00		1.00
	1.00		1.00
	1.00		1.00
	1.00		1.00
	1.00		1.00
	1.00		1.00
	1.00		1.00
	1.00		1.00
	1.00		1.00
	1.00		1.00
	1.00		1.00
	1.00		1.00
	1.00		1.00
	1.00		1.00
	1.00		1.00
	1.00		1.00
	1.00		1.00
	1.00		1.00
	1.00		1.00
	1.00		1.00
	1.33		1.00
	50.98		1.00
	67.64		1.00
	873952.85		1.00
	873952.85		1.00
	873952.85		1.00
	873952.85		1.00
	873952.85		1.00
	873952.85		1.00
	873952.85		1.00
	873952.85		1.00
	873952.85		1.00
	1159585.76		1.00
	1159585.76		1.00
	1159585.76		1.00
	1159585.76		1.00
	1159585.76		1.00
	1159585.76		1.00
	1159585.76		1.00
	1159585.76		1.00
	1159585.76		1.00
	59110869.34		1.00
	59110869.34		1.00
	59110869.34		1.00
	59110869.34		1.00
	59110869.34		1.00
	59110869.34		1.00
	59110869.34		1.00
	59110869.34		1.00
	59110869.34		1.00
	0.00		1.00
	0.00		1.00
	0.00		1.00
	0.00		1.00
	0.00		1.00
	0.00		1.00
	0.00		1.00
	0.00		1.00
	0.00		1.00
	0.00		1.00
	0.00		1.00
	0.00		1.00
	0.00		1.00
	0.00		1.00
	0.00		1.00
	0.00		1.00
	0.00		1.00
	0.00		1.00
	0.00		1.00
	0.00		1.00
	0.00		1.00
	0.00		1.00
	0.00		1.00
	0.00		1.00
	0.00		1.00
	0.00		1.00
	0.00		1.00
	0.29		1.00
	0.33		1.00
	0.86		1.00
	1.00		1.00
	1.00		1.00
	1.00		1.00
	1.00		1.00
	1.00		1.00
	1.00		1.00
	1.00		1.00
	1.00		1.00
	1.00		1.00
	1.00		1.00
	1.00		1.00
	1.00		1.00
	1.00		1.00
	1.00		1.00
	1.00		1.00
	1.00		1.00
	1.00		1.00
	1.00		1.00
	1.00		1.00
	1.00		1.00
	1.00		1.00
	1.00		1.00
	1.00		1.00
	1.00		1.00
	1.00		1.00
	1.00		1.00
	1.00		1.00
	1.00		1.00
	1.00		1.00
	1.00		1.00
	1.00		1.00
	1.00		1.00
	1.00		1.00
	1.00		1.00
	1.00		1.00
	1.00		1.00
	1.00		1.00
	1.00		1.00
	1.00		1.00
	1.00		1.00
	1.00		1.00
	1.00		1.00
	1.00		1.00
	1.00		1.00
	1.00		1.00
	1.00		1.00
	1.00		1.00
	1.00		1.00
	1.00		1.00
	1.00		1.00
	1.00		1.00
	1.00		1.00
	1.00		1.00
	1.00		1.00
	1.00		1.00
	1.00		1.00
	1.00		1.00
	1.00		1.00
	1.00		1.00
	1.00		1.00
	1.00		1.00
	1.00		1.00
	1.00		1.00
	1.00		1.00
	1.00		1.00
	1.00		1.00
	1.00		1.00
	1.00		1.00
	1.00		1.00
	1.00		1.00
	1.00		1.00
	1.00		1.00
	1.16		1.00
	2.99		1.00
	3.47		1.00
	16414638.60		1.00
	16414638.60		1.00
	16414638.60		1.00
	16414638.60		1.00
	16414638.60		1.00
	16414638.60		1.00
	16414638.60		1.00
	16414638.60		1.00
	16414638.60		1.00
	19071280.25		1.00
	19071280.25		1.00
	19071280.25		1.00
	19071280.25		1.00
	19071280.25		1.00
	19071280.25		1.00
	19071280.25		1.00
	19071280.25		1.00
	19071280.25		1.00
	56996630.35		1.00
	56996630.35		1.00
	56996630.35		1.00
	56996630.35		1.00
	56996630.35		1.00
	56996630.35		1.00
	56996630.35		1.00
	56996630.35		1.00
	56996630.35		1.00
	0.00		1.00
	0.00		1.00
	0.00		1.00
	0.00		1.00
	0.00		1.00
	0.00		1.00
	0.00		1.00
	0.00		1.00
	0.00		1.00
	0.00		1.00
	0.00		1.00
	0.00		1.00
	0.00		1.00
	0.00		1.00
	0.00		1.00
	0.00		1.00
	0.00		1.00
	0.00		1.00
	0.00		1.00
	0.00		1.00
	0.00		1.00
	0.00		1.00
	0.00		1.00
	0.00		1.00
	0.00		1.00
	0.00		1.00
	0.00		1.00
	0.01		1.00
	0.03		1.00
	0.56		1.00
	1.00		1.00
	1.00		1.00
	1.00		1.00
	1.00		1.00
	1.00		1.00
	1.00		1.00
	1.00		1.00
	1.00		1.00
	1.00		1.00
	1.00		1.00
	1.00		1.00
	1.00		1.00
	1.00		1.00
	1.00		1.00
	1.00		1.00
	1.00		1.00
	1.00		1.00
	1.00		1.00
	1.00		1.00
	1.00		1.00
	1.00		1.00
	1.00		1.00
	1.00		1.00
	1.00		1.00
	1.00		1.00
	1.00		1.00
	1.00		1.00
	1.00		1.00
	1.00		1.00
	1.00		1.00
	1.00		1.00
	1.00		1.00
	1.00		1.00
	1.00		1.00
	1.00		1.00
	1.00		1.00
	1.00		1.00
	1.00		1.00
	1.00		1.00
	1.00		1.00
	1.00		1.00
	1.00		1.00
	1.00		1.00
	1.00		1.00
	1.00		1.00
	1.00		1.00
	1.00		1.00
	1.00		1.00
	1.00		1.00
	1.00		1.00
	1.00		1.00
	1.00		1.00
	1.00		1.00
	1.00		1.00
	1.00		1.00
	1.00		1.00
	1.00		1.00
	1.00		1.00
	1.00		1.00
	1.00		1.00
	1.00		1.00
	1.00		1.00
	1.00		1.00
	1.00		1.00
	1.00		1.00
	1.00		1.00
	1.00		1.00
	1.00		1.00
	1.00		1.00
	1.00		1.00
	1.00		1.00
	1.00		1.00
	1.80		1.00
	38.48		1.00
	69.22		1.00
	98146880.54		1.00
	98146880.54		1.00
	98146880.54		1.00
	98146880.54		1.00
	98146880.54		1.00
	98146880.54		1.00
	98146880.54		1.00
	98146880.54		1.00
	98146880.54		1.00
	176565014.75		1.00
	176565014.75		1.00
	176565014.75		1.00
	176565014.75		1.00
	176565014.75		1.00
	176565014.75		1.00
	176565014.75		1.00
	176565014.75		1.00
	176565014.75		1.00
	6794063411.66		1.00
	6794063411.66		1.00
	6794063411.66		1.00
	6794063411.66		1.00
	6794063411.66		1.00
	6794063411.66		1.00
	6794063411.66		1.00
	6794063411.66		1.00
	6794063411.66		1.00
	0.00		1.00
	0.00		1.00
	0.00		1.00
	0.00		1.00
	0.00		1.00
	0.00		1.00
	0.00		1.00
	0.00		1.00
	0.00		1.00
	0.00		1.00
	0.00		1.00
	0.00		1.00
	0.00		1.00
	0.00		1.00
	0.00		1.00
	0.00		1.00
	0.00		1.00
	0.00		1.00
	0.00		1.00
	0.00		1.00
	0.00		1.00
	0.00		1.00
	0.00		1.00
	0.00		1.00
	0.00		1.00
	0.00		1.00
	0.00		1.00
	0.01		1.00
	0.06		1.00
	0.09		1.00
	1.00		1.00
	1.00		1.00
	1.00		1.00
	1.00		1.00
	1.00		1.00
	1.00		1.00
	1.00		1.00
	1.00		1.00
	1.00		1.00
	1.00		1.00
	1.00		1.00
	1.00		1.00
	1.00		1.00
	1.00		1.00
	1.00		1.00
	1.00		1.00
	1.00		1.00
	1.00		1.00
	1.00		1.00
	1.00		1.00
	1.00		1.00
	1.00		1.00
	1.00		1.00
	1.00		1.00
	1.00		1.00
	1.00		1.00
	1.00		1.00
	1.00		1.00
	1.00		1.00
	1.00		1.00
	1.00		1.00
	1.00		1.00
	1.00		1.00
	1.00		1.00
	1.00		1.00
	1.00		1.00
	1.00		1.00
	1.00		1.00
	1.00		1.00
	1.00		1.00
	1.00		1.00
	1.00		1.00
	1.00		1.00
	1.00		1.00
	1.00		1.00
	1.00		1.00
	1.00		1.00
	1.00		1.00
	1.00		1.00
	1.00		1.00
	1.00		1.00
	1.00		1.00
	1.00		1.00
	1.00		1.00
	1.00		1.00
	1.00		1.00
	1.00		1.00
	1.00		1.00
	1.00		1.00
	1.00		1.00
	1.00		1.00
	1.00		1.00
	1.00		1.00
	1.00		1.00
	1.00		1.00
	1.00		1.00
	1.00		1.00
	1.00		1.00
	1.00		1.00
	1.00		1.00
	1.00		1.00
	1.00		1.00
	11.34		1.00
	16.01		1.00
	181.47		1.00
	11590016.42		1.00
	11590016.42		1.00
	11590016.42		1.00
	11590016.42		1.00
	11590016.42		1.00
	11590016.42		1.00
	11590016.42		1.00
	11590016.42		1.00
	11590016.42		1.00
	185538949.94		1.00
	185538949.94		1.00
	185538949.94		1.00
	185538949.94		1.00
	185538949.94		1.00
	185538949.94		1.00
	185538949.94		1.00
	185538949.94		1.00
	185538949.94		1.00
	2103263272.33		1.00
	2103263272.33		1.00
	2103263272.33		1.00
	2103263272.33		1.00
	2103263272.33		1.00
	2103263272.33		1.00
	2103263272.33		1.00
	2103263272.33		1.00
	2103263272.33		1.00
	0.00		1.00
	0.00		1.00
	0.00		1.00
	0.00		1.00
	0.00		1.00
	0.00		1.00
	0.00		1.00
	0.00		1.00
	0.00		1.00
	0.00		1.00
	0.00		1.00
	0.00		1.00
	0.00		1.00
	0.00		1.00
	0.00		1.00
	0.00		1.00
	0.00		1.00
	0.00		1.00
	0.00		1.00
	0.00		1.00
	0.00		1.00
	0.00		1.00
	0.00		1.00
	0.00		1.00
	0.00		1.00
	0.00		1.00
	0.00		1.00
	0.03		1.00
	0.16		1.00
	0.19		1.00
	1.00		1.00
	1.00		1.00
	1.00		1.00
	1.00		1.00
	1.00		1.00
	1.00		1.00
	1.00		1.00
	1.00		1.00
	1.00		1.00
	1.00		1.00
	1.00		1.00
	1.00		1.00
	1.00		1.00
	1.00		1.00
	1.00		1.00
	1.00		1.00
	1.00		1.00
	1.00		1.00
	1.00		1.00
	1.00		1.00
	1.00		1.00
	1.00		1.00
	1.00		1.00
	1.00		1.00
	1.00		1.00
	1.00		1.00
	1.00		1.00
	1.00		1.00
	1.00		1.00
	1.00		1.00
	1.00		1.00
	1.00		1.00
	1.00		1.00
	1.00		1.00
	1.00		1.00
	1.00		1.00
	1.00		1.00
	1.00		1.00
	1.00		1.00
	1.00		1.00
	1.00		1.00
	1.00		1.00
	1.00		1.00
	1.00		1.00
	1.00		1.00
	1.00		1.00
	1.00		1.00
	1.00		1.00
	1.00		1.00
	1.00		1.00
	1.00		1.00
	1.00		1.00
	1.00		1.00
	1.00		1.00
	1.00		1.00
	1.00		1.00
	1.00		1.00
	1.00		1.00
	1.00		1.00
	1.00		1.00
	1.00		1.00
	1.00		1.00
	1.00		1.00
	1.00		1.00
	1.00		1.00
	1.00		1.00
	1.00		1.00
	1.00		1.00
	1.00		1.00
	1.00		1.00
	1.00		1.00
	1.00		1.00
	5.39		1.00
	6.11		1.00
	32.96		1.00
	28360607.22		1.00
	28360607.22		1.00
	28360607.22		1.00
	28360607.22		1.00
	28360607.22		1.00
	28360607.22		1.00
	28360607.22		1.00
	28360607.22		1.00
	28360607.22		1.00
	173331029.17		1.00
	173331029.17		1.00
	173331029.17		1.00
	173331029.17		1.00
	173331029.17		1.00
	173331029.17		1.00
	173331029.17		1.00
	173331029.17		1.00
	173331029.17		1.00
	934868734.04		1.00
	934868734.04		1.00
	934868734.04		1.00
	934868734.04		1.00
	934868734.04		1.00
	934868734.04		1.00
	934868734.04		1.00
	934868734.04		1.00
	934868734.04		1.00
