	0.00		1.02
	0.00		1.02
	0.00		1.13
	0.00		1.00
	0.00		1.00
	0.00		1.11
	0.00		0.90
	0.00		0.90
	0.00		1.00
	0.00		1.02
	0.00		1.02
	0.00		1.13
	0.00		1.02
	0.00		1.02
	0.00		1.13
	0.00		1.02
	0.00		1.02
	0.00		1.13
	0.00		1.00
	0.00		0.90
	0.00		0.90
	0.00		1.00
	0.00		0.90
	0.00		0.90
	0.00		1.02
	0.00		1.02
	0.00		1.13
	0.00		0.88
	0.00		1.00
	0.00		1.00
	0.00		0.98
	0.00		1.13
	0.00		1.00
	0.00		1.13
	0.00		1.00
	0.00		1.13
	0.00		1.13
	0.00		0.88
	0.00		0.98
	0.00		1.00
	0.00		1.11
	0.00		1.11
	0.00		1.00
	0.00		1.00
	0.00		0.98
	0.00		1.00
	0.00		0.88
	0.03		1.00
	0.08		0.88
	0.08		0.88
	0.08		1.00
	0.35		1.13
	0.35		1.00
	0.35		1.13
	1.00		1.00
	1.00		0.90
	1.00		0.90
	1.00		0.88
	1.00		1.13
	1.00		1.11
	1.00		0.98
	1.00		1.11
	1.00		0.98
	1.00		1.02
	1.00		1.00
	1.00		1.00
	1.00		1.11
	1.00		0.88
	1.00		1.13
	1.00		1.13
	1.00		0.90
	1.00		0.88
	1.00		0.88
	1.00		1.02
	1.00		1.00
	1.00		1.13
	1.00		1.00
	1.00		1.00
	2.88		0.88
	2.88		0.88
	2.88		1.00
	12.87		1.13
	12.87		1.00
	12.87		1.13
	37.12		1.00
	482.43		1.00
	482.43		1.13
	482.43		1.02
	482.43		1.00
	1391.45		0.88
	1391.45		0.90
	1391.45		1.00
	1391.45		0.88
	1391.45		0.88
	1391.45		0.90
	1391.45		1.00
	1391.45		0.88
	1391.45		1.00
	1391.45		1.02
	1391.45		1.13
	1391.45		1.00
	17906.17		1.00
	17906.17		1.13
	17906.17		1.02
	17906.17		1.00
	32794.03		0.98
	32794.03		0.98
	32794.03		0.88
	422017.64		0.98
	422017.64		1.11
	422017.64		1.11
	422017.64		0.88
	422017.64		1.00
	422017.64		0.98
	422017.64		1.00
	422017.64		1.11
	422017.64		1.11
	1217203.48		0.98
	1217203.48		0.98
	1217203.48		0.88
	587215287.15		0.98
	587215287.15		1.11
	587215287.15		1.00
	587215287.15		0.98
	587215287.15		1.00
	587215287.15		1.11
	587215287.15		0.98
	587215287.15		0.88
	587215287.15		0.90
	587215287.15		0.98
	587215287.15		1.00
	587215287.15		0.88
	0.00		1.00
	0.00		1.00
	0.00		1.00
	0.00		1.00
	0.00		1.00
	0.00		1.00
	0.00		1.17
	0.00		1.00
	0.00		1.00
	0.00		1.00
	0.00		1.00
	0.00		1.00
	0.00		1.00
	0.00		1.00
	0.00		1.00
	0.00		1.00
	0.00		1.17
	0.00		1.00
	0.00		1.00
	0.01		1.00
	0.01		1.00
	0.04		1.00
	0.04		1.00
	0.04		1.00
	0.04		1.00
	0.04		1.17
	0.04		1.00
	0.04		1.00
	0.04		1.00
	0.04		1.00
	1.00		1.00
	1.00		1.00
	1.00		1.00
	1.00		1.00
	1.00		1.00
	1.00		1.00
	1.00		1.00
	1.00		1.17
	1.00		1.00
	1.00		1.00
	1.00		1.17
	1.00		1.00
	1.00		1.00
	1.00		1.00
	1.00		1.00
	1.00		1.00
	1.00		1.00
	1.00		1.00
	1.00		1.17
	1.00		1.00
	1.00		1.00
	1.00		1.00
	1.00		1.00
	1.00		1.00
	1.00		1.00
	1.00		0.86
	1.00		0.86
	1.00		0.86
	1.00		0.86
	1.00		0.86
	1.00		0.86
	1.00		0.86
	1.00		0.86
	1.00		1.00
	1.00		1.00
	1.00		1.17
	1.00		1.00
	1.00		1.00
	1.00		1.00
	1.00		1.00
	1.00		1.00
	1.00		1.00
	1.00		1.00
	1.00		1.00
	1.00		1.00
	1.00		1.17
	1.00		1.00
	1.00		1.00
	1.00		1.00
	1.00		1.00
	1.00		1.00
	1.00		1.00
	1.00		1.00
	1.00		1.17
	1.00		1.00
	1.00		1.00
	1.00		1.00
	1.00		1.00
	1.00		1.00
	1.00		1.00
	1.00		1.17
	1.00		1.00
	1.00		1.00
	1.00		1.00
	1.00		1.00
	1.00		1.00
	1.00		1.00
	1.00		1.00
	1.00		1.00
	1.00		1.00
	1.00		1.00
	1.00		1.17
	23.83		0.86
	23.83		1.00
	23.83		1.00
	23.83		1.00
	23.83		1.00
	23.83		1.00
	23.83		1.00
	23.83		1.00
	23.83		1.00
	77.08		1.00
	161.43		1.00
	3846.76		1.00
	3846.76		1.00
	3846.76		1.00
	3846.76		1.00
	3846.76		1.00
	3846.76		1.00
	3846.76		0.86
	3846.76		1.00
	3846.76		1.00
	12443.00		1.00
	296505.55		1.00
	296505.55		1.00
	296505.55		1.00
	296505.55		1.00
	296505.55		1.00
	296505.55		1.00
	296505.55		0.86
	296505.55		1.00
	296505.55		1.00
	0.00		1.00
	0.00		1.00
	0.00		1.00
	0.00		1.00
	0.00		1.00
	0.00		1.00
	0.00		1.00
	0.00		1.00
	0.00		0.93
	0.00		1.00
	0.00		1.00
	0.00		1.00
	0.00		1.07
	0.00		1.00
	0.00		1.00
	0.00		1.00
	0.00		1.00
	0.00		1.00
	0.01		1.07
	0.01		1.00
	0.01		1.00
	0.01		1.00
	0.01		1.00
	0.02		1.00
	0.02		1.00
	0.05		1.00
	0.05		1.00
	0.05		1.00
	0.05		1.00
	0.05		1.07
	0.05		1.07
	0.05		1.00
	0.05		1.00
	0.05		1.00
	0.05		1.00
	0.07		1.00
	0.07		1.00
	0.07		1.00
	0.07		1.00
	0.07		1.00
	0.07		1.00
	0.21		1.00
	0.21		1.00
	0.26		1.00
	0.63		1.00
	0.63		1.00
	0.63		1.07
	0.63		1.00
	0.63		1.00
	0.63		1.07
	0.63		1.00
	0.63		1.00
	0.71		1.00
	0.71		1.00
	0.71		1.07
	0.71		1.00
	0.88		1.00
	0.88		1.00
	1.00		1.00
	1.00		0.93
	1.00		0.93
	1.00		1.00
	1.00		1.07
	1.00		1.00
	1.00		1.07
	1.00		0.93
	1.00		1.00
	1.00		1.00
	1.00		1.00
	1.00		1.00
	1.00		1.00
	1.00		1.07
	1.00		1.00
	1.00		1.00
	1.14		1.00
	1.14		1.00
	1.40		1.00
	1.40		0.93
	1.40		1.00
	1.40		1.00
	1.59		1.00
	1.59		0.93
	1.59		1.00
	1.59		1.00
	1.60		1.00
	1.60		1.00
	1.60		0.93
	1.60		1.00
	3.88		1.00
	4.75		1.00
	4.75		1.00
	13.52		1.00
	13.52		1.00
	13.53		1.00
	13.53		1.00
	15.38		1.00
	15.38		1.00
	18.45		1.00
	18.45		1.00
	21.58		1.00
	21.58		1.00
	21.58		1.00
	21.58		0.93
	21.58		0.93
	21.58		1.00
	21.58		1.00
	21.58		1.00
	64.22		1.00
	64.27		1.00
	73.06		1.00
	102.49		1.00
	102.49		0.93
	102.49		1.00
	102.49		1.00
	249.48		1.00
	249.68		1.00
	283.81		1.00
	398.13		1.00
	398.13		1.00
	398.13		1.00
	398.13		0.93
	18472355.85		1.07
	18472355.85		1.00
	18472355.85		1.00
	18472355.85		1.00
	25913266.04		1.00
	29455851.48		1.00
	29478831.05		1.00
	398664995.38		1.00
	398664995.38		1.00
	1893208138.45		1.00
	7354481603.41		1.00
	0.00		1.00
	0.00		1.00
	0.00		1.00
	0.00		1.00
	0.00		1.00
	0.00		1.00
	0.00		1.00
	0.00		1.00
	0.00		1.00
	0.00		1.00
	0.00		1.00
	0.00		1.00
	0.00		1.00
	0.00		1.00
	0.00		1.00
	0.00		1.00
	0.00		1.00
	0.00		1.00
	0.00		1.00
	0.00		1.00
	0.00		1.00
	0.00		1.00
	0.00		1.00
	0.00		1.00
	0.00		1.00
	0.00		1.00
	0.00		1.00
	0.04		1.00
	0.08		1.00
	0.45		1.00
	1.00		1.00
	1.00		1.00
	1.00		1.00
	1.00		1.00
	1.00		1.00
	1.00		1.00
	1.00		1.00
	1.00		1.00
	1.00		1.00
	1.00		1.00
	1.00		1.00
	1.00		1.00
	1.00		1.00
	1.00		1.00
	1.00		1.00
	1.00		1.00
	1.00		1.00
	1.00		1.00
	1.00		1.00
	1.00		1.00
	1.00		1.00
	1.00		1.00
	1.00		1.00
	1.00		1.00
	1.00		1.00
	1.00		1.00
	1.00		1.00
	1.00		1.00
	1.00		1.00
	1.00		1.00
	1.00		1.00
	1.00		1.00
	1.00		1.00
	1.00		1.00
	1.00		1.00
	1.00		1.00
	1.00		1.00
	1.00		1.00
	1.00		1.00
	1.00		1.00
	1.00		1.00
	1.00		1.00
	1.00		1.00
	1.00		1.00
	1.00		1.00
	1.00		1.00
	1.00		1.00
	1.00		1.00
	1.00		1.00
	1.00		1.00
	1.00		1.00
	1.00		1.00
	1.00		1.00
	1.00		1.00
	1.00		1.00
	1.00		1.00
	1.00		1.00
	1.00		1.00
	1.00		1.00
	1.00		1.00
	1.00		1.00
	1.00		1.00
	1.00		1.00
	1.00		1.00
	1.00		1.00
	1.00		1.00
	1.00		1.00
	1.00		1.00
	1.00		1.00
	1.00		1.00
	1.00		1.00
	1.00		1.00
	2.24		1.00
	12.00		1.00
	26.91		1.00
	82978.04		1.00
	82978.04		1.00
	82978.04		1.00
	82978.04		1.00
	82978.04		1.00
	82978.04		1.00
	82978.04		1.00
	82978.04		1.00
	82978.04		1.00
	995615.87		1.00
	995615.87		1.00
	995615.87		1.00
	995615.87		1.00
	995615.87		1.00
	995615.87		1.00
	995615.87		1.00
	995615.87		1.00
	995615.87		1.00
	2232720.87		1.00
	2232720.87		1.00
	2232720.87		1.00
	2232720.87		1.00
	2232720.87		1.00
	2232720.87		1.00
	2232720.87		1.00
	2232720.87		1.00
	2232720.87		1.00
