	0.91		1.00
	0.91		0.97
	0.91		1.00
	0.91		0.97
	0.91		1.00
	0.91		0.97
	0.91		0.97
	0.91		0.97
	0.91		0.97
	0.91		1.00
	0.91		0.97
	1.00		1.00
	1.00		1.00
	1.00		0.97
	1.00		1.00
	1.00		1.00
	1.00		1.00
	1.00		0.97
	1.00		1.00
	1.00		0.97
	1.00		1.00
	1.00		0.97
	1.00		0.97
	1.00		1.00
	1.00		1.00
	1.00		0.97
	1.00		1.00
	1.00		1.00
	1.00		1.00
	1.00		0.97
	1.00		1.00
	1.00		0.97
	1.00		0.97
	1.00		1.00
	1.00		1.00
	1.00		0.97
	1.00		1.00
	1.00		1.00
	1.00		1.03
	1.00		0.97
	1.00		1.00
	1.00		1.00
	1.00		1.00
	1.00		0.97
	1.00		1.00
	1.00		1.00
	1.00		1.00
	1.00		0.97
	1.00		1.03
	1.00		1.00
	1.00		1.03
	1.00		1.03
	1.00		1.03
	1.00		1.00
	1.00		0.97
	1.00		1.03
	1.00		1.03
	1.00		1.00
	1.00		1.03
	1.00		1.00
	1.00		1.03
	1.00		1.03
	1.00		1.03
	1.00		1.00
	1.00		1.03
	1.00		1.03
	1.00		1.03
	1.00		0.97
	1.00		1.00
	1.00		1.00
	1.00		1.00
	1.00		0.97
	1.00		1.00
	1.00		1.00
	1.00		0.97
	1.00		1.00
	1.00		0.97
	1.00		0.97
	1.00		1.00
	1.00		1.00
	1.00		1.00
	1.00		0.97
	1.00		0.97
	1.00		1.00
	1.00		0.97
	1.00		1.03
	1.00		1.00
	1.00		1.00
	1.00		1.03
	1.00		1.03
	1.00		1.03
	1.00		1.00
	1.00		1.03
	1.00		1.03
	1.00		1.03
	1.00		1.00
	1.00		1.00
	1.00		1.03
	1.00		1.00
	1.00		1.00
	1.00		1.03
	1.00		1.03
	1.00		1.03
	1.00		1.03
	1.00		1.03
	1.00		1.03
	1.00		1.00
	1.00		1.00
	1.00		0.97
	1.00		1.00
	1.00		0.97
	1.00		0.97
	1.00		1.00
	1.00		0.97
	1.00		1.00
	1.00		0.97
	1.00		1.00
	1.00		1.00
	1.00		1.00
	1.00		0.97
	1.00		1.00
	1.10		1.00
	1.10		1.03
	1.10		1.03
	1.10		1.03
	1.10		1.00
	1.10		1.03
	1.10		1.03
	1.10		1.03
	1.10		1.00
	1.10		1.00
	1.10		1.03
	0.00		1.00
	0.00		1.00
	0.00		1.00
	0.00		1.00
	0.00		1.00
	0.00		1.00
	0.00		1.00
	0.00		1.00
	0.01		1.00
	0.01		1.00
	0.01		1.00
	0.01		1.00
	0.01		1.00
	0.02		1.00
	0.02		1.00
	0.02		1.00
	0.02		1.00
	0.04		1.00
	0.05		1.00
	0.07		1.00
	0.07		1.00
	0.07		1.00
	0.07		1.00
	0.07		1.00
	0.07		1.00
	0.09		1.00
	0.09		1.00
	0.09		1.00
	0.09		1.00
	0.09		1.00
	0.09		1.00
	0.09		1.00
	0.09		1.00
	0.18		1.00
	0.18		1.00
	0.20		1.00
	0.20		1.00
	0.35		1.00
	0.35		1.00
	0.35		1.00
	0.42		1.00
	0.42		1.00
	0.43		1.00
	0.43		1.00
	0.81		1.00
	0.81		1.00
	0.81		1.00
	0.82		1.00
	0.82		1.00
	0.82		1.00
	0.84		1.00
	0.84		1.00
	0.84		1.00
	0.84		1.00
	0.84		1.00
	0.84		1.00
	0.97		1.00
	0.97		1.00
	0.98		1.00
	0.98		1.00
	0.99		1.00
	1.00		1.00
	1.00		1.00
	1.00		1.00
	1.00		1.00
	1.00		1.00
	1.00		1.00
	1.00		1.00
	1.00		1.00
	1.00		1.00
	1.00		1.00
	1.01		1.00
	1.02		1.00
	1.02		1.00
	1.03		1.00
	1.03		1.00
	1.20		1.00
	1.20		1.00
	1.20		1.00
	1.20		1.00
	1.20		1.00
	1.20		1.00
	1.22		1.00
	1.22		1.00
	1.22		1.00
	1.23		1.00
	1.23		1.00
	1.23		1.00
	2.31		1.00
	2.34		1.00
	2.38		1.00
	2.38		1.00
	2.85		1.00
	2.85		1.00
	2.85		1.00
	4.88		1.00
	4.88		1.00
	5.66		1.00
	5.66		1.00
	11.27		1.00
	11.27		1.00
	11.43		1.00
	11.43		1.00
	11.61		1.00
	11.61		1.00
	11.61		1.00
	11.61		1.00
	13.89		1.00
	13.89		1.00
	13.89		1.00
	13.89		1.00
	13.89		1.00
	13.89		1.00
	21.03		1.00
	27.64		1.00
	63.80		1.00
	64.75		1.00
	65.76		1.00
	65.76		1.00
	78.68		1.00
	78.68		1.00
	78.68		1.00
	119.08		1.00
	119.08		1.00
	581.26		1.00
	1341.55		1.00
	1361.50		1.00
	1382.80		1.00
	1382.80		1.00
	1654.63		1.00
	1654.63		1.00
	1654.63		1.00
	0.00		1.00
	0.00		1.00
	0.00		1.00
	0.00		1.00
	0.00		1.00
	0.00		1.00
	0.00		1.00
	0.00		1.00
	0.00		1.00
	0.00		1.00
	0.00		1.00
	0.00		1.00
	0.00		1.00
	0.00		1.00
	0.00		1.00
	0.00		1.00
	0.00		1.00
	0.00		1.00
	0.00		1.00
	0.00		1.00
	0.00		1.00
	0.00		1.00
	0.01		1.00
	0.01		1.00
	0.01		1.00
	0.02		1.00
	0.02		1.00
	0.02		1.00
	0.02		1.00
	0.02		1.00
	0.02		1.00
	0.03		1.00
	0.03		1.00
	0.04		1.00
	0.04		1.00
	0.05		1.00
	0.05		1.00
	0.05		1.00
	0.05		1.00
	0.07		1.00
	0.07		1.00
	0.07		1.00
	0.07		1.00
	0.09		1.00
	0.09		1.00
	0.11		1.00
	0.17		1.00
	0.17		1.00
	0.27		1.00
	0.27		1.00
	0.27		1.00
	0.32		1.00
	0.32		1.00
	0.41		1.00
	0.44		1.00
	0.44		1.00
	0.44		1.00
	0.44		1.00
	0.61		1.00
	0.61		1.00
	0.78		1.00
	0.78		1.00
	0.78		1.00
	1.00		1.00
	1.00		1.00
	1.00		1.00
	1.00		1.00
	1.00		1.00
	1.00		1.00
	1.28		1.00
	1.28		1.00
	1.29		1.00
	1.64		1.00
	1.64		1.00
	2.27		1.00
	2.27		1.00
	2.27		1.00
	2.27		1.00
	2.47		1.00
	3.16		1.00
	3.16		1.00
	3.66		1.00
	3.71		1.00
	3.71		1.00
	5.99		1.00
	5.99		1.00
	9.03		1.00
	11.58		1.00
	11.58		1.00
	13.58		1.00
	13.58		1.00
	14.78		1.00
	14.78		1.00
	18.95		1.00
	18.95		1.00
	18.95		1.00
	18.95		1.00
	24.17		1.00
	24.17		1.00
	33.49		1.00
	33.49		1.00
	42.95		1.00
	42.95		1.00
	42.95		1.00
	42.95		1.00
	54.76		1.00
	54.76		1.00
	89.63		1.00
	122.83		1.00
	158.28		1.00
	328.25		1.00
	809.38		1.00
	1037.88		1.00
	1037.88		1.00
	2968.30		1.00
	2968.30		1.00
	3825.09		1.00
	3825.09		1.00
	6726.29		1.00
	6726.29		1.00
	8667.81		1.00
	8667.81		1.00
	11008.59		1.00
	14186.19		1.00
	40318.70		1.00
	51956.58		1.00
	99414.05		1.00
	127480.57		1.00
	127480.57		1.00
	128109.62		1.00
	164277.46		1.00
	164277.46		1.00
	0.00		1.00
	0.00		1.00
	0.00		1.00
	0.00		1.00
	0.00		1.00
	0.00		1.00
	0.00		1.00
	0.00		1.00
	0.00		1.00
	0.00		1.00
	0.00		1.00
	0.00		1.00
	0.00		1.00
	0.00		1.00
	0.00		1.00
	0.00		1.00
	0.00		1.00
	0.00		1.00
	0.00		1.00
	0.00		1.00
	0.00		1.00
	0.00		1.00
	0.00		1.00
	0.00		1.00
	0.00		1.00
	0.00		1.00
	0.00		1.00
	0.00		1.00
	0.00		1.00
	0.00		1.00
	1.00		1.00
	1.00		1.00
	1.00		1.00
	1.00		1.00
	1.00		1.00
	1.00		1.00
	1.00		1.00
	1.00		1.00
	1.00		1.00
	1.00		1.00
	1.00		1.00
	1.00		1.00
	1.00		1.00
	1.00		1.00
	1.00		1.00
	1.00		1.00
	1.00		1.00
	1.00		1.00
	1.00		1.00
	1.00		1.00
	1.00		1.00
	1.00		1.00
	1.00		1.00
	1.00		1.00
	1.00		1.00
	1.00		1.00
	1.00		1.00
	1.00		1.00
	1.00		1.00
	1.00		1.00
	1.00		1.00
	1.00		1.00
	1.00		1.00
	1.00		1.00
	1.00		1.00
	1.00		1.00
	1.00		1.00
	1.00		1.00
	1.00		1.00
	1.00		1.00
	1.00		1.00
	1.00		1.00
	1.00		1.00
	1.00		1.00
	1.00		1.00
	1.00		1.00
	1.00		1.00
	1.00		1.00
	1.00		1.00
	1.00		1.00
	1.00		1.00
	1.00		1.00
	1.00		1.00
	1.00		1.00
	1.00		1.00
	1.00		1.00
	1.00		1.00
	1.00		1.00
	1.00		1.00
	1.00		1.00
	1.00		1.00
	1.00		1.00
	1.00		1.00
	1.00		1.00
	1.00		1.00
	1.00		1.00
	1.00		1.00
	1.00		1.00
	1.00		1.00
	1.00		1.00
	1.00		1.00
	1.00		1.00
	531.37		1.00
	445856.60		1.00
	236917032.43		1.00
	36901669941.96		1.00
	36901669941.96		1.00
	36901669941.96		1.00
	36901669941.96		1.00
	36901669941.96		1.00
	36901669941.96		1.00
	36901669941.96		1.00
	36901669941.96		1.00
	36901669941.96		1.00
	16452853022252806.00		1.00
	16452853022252806.00		1.00
	16452853022252806.00		1.00
	16452853022252806.00		1.00
	16452853022252806.00		1.00
	16452853022252806.00		1.00
	16452853022252806.00		1.00
	16452853022252806.00		1.00
	16452853022252806.00		1.00
	8742634134363629568.00		1.00
	8742634134363629568.00		1.00
	8742634134363629568.00		1.00
	8742634134363629568.00		1.00
	8742634134363629568.00		1.00
	8742634134363629568.00		1.00
	8742634134363629568.00		1.00
	8742634134363629568.00		1.00
	8742634134363629568.00		1.00
	0.00		1.00
	0.00		1.00
	0.00		1.00
	0.00		1.00
	0.00		1.00
	0.00		1.00
	0.00		1.00
	0.00		1.00
	0.00		1.00
	0.00		1.00
	0.00		1.00
	0.00		1.00
	0.00		1.00
	0.00		1.00
	0.00		1.00
	0.00		1.00
	0.00		1.00
	0.00		1.00
	0.00		1.00
	0.00		1.00
	0.00		1.00
	0.00		1.00
	0.00		1.00
	0.00		1.00
	0.00		1.00
	0.00		1.00
	0.00		1.00
	0.00		1.00
	0.01		1.00
	0.06		1.00
	1.00		1.00
	1.00		1.00
	1.00		1.00
	1.00		1.00
	1.00		1.00
	1.00		1.00
	1.00		1.00
	1.00		1.00
	1.00		1.00
	1.00		1.00
	1.00		1.00
	1.00		1.00
	1.00		1.00
	1.00		1.00
	1.00		1.00
	1.00		1.00
	1.00		1.00
	1.00		1.00
	1.00		1.00
	1.00		1.00
	1.00		1.00
	1.00		1.00
	1.00		1.00
	1.00		1.00
	1.00		1.00
	1.00		1.00
	1.00		1.00
	1.00		1.00
	1.00		1.00
	1.00		1.00
	1.00		1.00
	1.00		1.00
	1.00		1.00
	1.00		1.00
	1.00		1.00
	1.00		1.00
	1.00		1.00
	1.00		1.00
	1.00		1.00
	1.00		1.00
	1.00		1.00
	1.00		1.00
	1.00		1.00
	1.00		1.00
	1.00		1.00
	1.00		1.00
	1.00		1.00
	1.00		1.00
	1.00		1.00
	1.00		1.00
	1.00		1.00
	1.00		1.00
	1.00		1.00
	1.00		1.00
	1.00		1.00
	1.00		1.00
	1.00		1.00
	1.00		1.00
	1.00		1.00
	1.00		1.00
	1.00		1.00
	1.00		1.00
	1.00		1.00
	1.00		1.00
	1.00		1.00
	1.00		1.00
	1.00		1.00
	1.00		1.00
	1.00		1.00
	1.00		1.00
	1.00		1.00
	1.00		1.00
	16.99		1.00
	121.99		1.00
	2073.17		1.00
	38747246.94		1.00
	38747246.94		1.00
	38747246.94		1.00
	38747246.94		1.00
	38747246.94		1.00
	38747246.94		1.00
	38747246.94		1.00
	38747246.94		1.00
	38747246.94		1.00
	4726822566.27		1.00
	4726822566.27		1.00
	4726822566.27		1.00
	4726822566.27		1.00
	4726822566.27		1.00
	4726822566.27		1.00
	4726822566.27		1.00
	4726822566.27		1.00
	4726822566.27		1.00
	80329637378.02		1.00
	80329637378.02		1.00
	80329637378.02		1.00
	80329637378.02		1.00
	80329637378.02		1.00
	80329637378.02		1.00
	80329637378.02		1.00
	80329637378.02		1.00
	80329637378.02		1.00
	0.00		1.00
	0.00		1.00
	0.00		1.00
	0.00		1.00
	0.00		1.00
	0.00		1.00
	0.00		1.00
	0.00		1.00
	0.00		1.00
	0.00		1.00
	0.00		1.00
	0.00		1.00
	0.00		1.00
	0.00		1.00
	0.00		1.00
	0.00		1.00
	0.00		1.00
	0.00		1.00
	0.00		1.00
	0.00		1.00
	0.00		1.00
	0.00		1.00
	0.00		1.00
	0.00		1.00
	0.00		1.00
	0.00		1.00
	0.00		1.00
	0.00		1.00
	0.00		1.00
	0.43		1.00
	1.00		1.00
	1.00		1.00
	1.00		1.00
	1.00		1.00
	1.00		1.00
	1.00		1.00
	1.00		1.00
	1.00		1.00
	1.00		1.00
	1.00		1.00
	1.00		1.00
	1.00		1.00
	1.00		1.00
	1.00		1.00
	1.00		1.00
	1.00		1.00
	1.00		1.00
	1.00		1.00
	1.00		1.00
	1.00		1.00
	1.00		1.00
	1.00		1.00
	1.00		1.00
	1.00		1.00
	1.00		1.00
	1.00		1.00
	1.00		1.00
	1.00		1.00
	1.00		1.00
	1.00		1.00
	1.00		1.00
	1.00		1.00
	1.00		1.00
	1.00		1.00
	1.00		1.00
	1.00		1.00
	1.00		1.00
	1.00		1.00
	1.00		1.00
	1.00		1.00
	1.00		1.00
	1.00		1.00
	1.00		1.00
	1.00		1.00
	1.00		1.00
	1.00		1.00
	1.00		1.00
	1.00		1.00
	1.00		1.00
	1.00		1.00
	1.00		1.00
	1.00		1.00
	1.00		1.00
	1.00		1.00
	1.00		1.00
	1.00		1.00
	1.00		1.00
	1.00		1.00
	1.00		1.00
	1.00		1.00
	1.00		1.00
	1.00		1.00
	1.00		1.00
	1.00		1.00
	1.00		1.00
	1.00		1.00
	1.00		1.00
	1.00		1.00
	1.00		1.00
	1.00		1.00
	1.00		1.00
	1.00		1.00
	2.32		1.00
	7005.00		1.00
	16277.88		1.00
	606670304.52		1.00
	606670304.52		1.00
	606670304.52		1.00
	606670304.52		1.00
	606670304.52		1.00
	606670304.52		1.00
	606670304.52		1.00
	606670304.52		1.00
	606670304.52		1.00
	4249727125698.43		1.00
	4249727125698.43		1.00
	4249727125698.43		1.00
	4249727125698.43		1.00
	4249727125698.43		1.00
	4249727125698.43		1.00
	4249727125698.43		1.00
	4249727125698.43		1.00
	4249727125698.43		1.00
	9875307075807.00		1.00
	9875307075807.00		1.00
	9875307075807.00		1.00
	9875307075807.00		1.00
	9875307075807.00		1.00
	9875307075807.00		1.00
	9875307075807.00		1.00
	9875307075807.00		1.00
	9875307075807.00		1.00
