	Report:		ida*-bfs-vs-ss-bfs - using ipdb heuristic - 100 probes.

nomystery-opt11-strips

p14.pddl
bound		ida*-bfs (exp)		ss-bfs (exp)
16		2			2
17		23			21.8
18		4518			5366.96
19		27454			36531.8

p19.pddl
bound		ida*-bfs (exp)		ss-bfs (exp)
28		6			6.64
29		18			17.38
30		201			166.9
31		2352			4321.09
32		23260			16108.2
33		387168			168464
34		5.45384e+06			818631
35		1.97024e+08			2.70756e+07
36		2.53689e+09			1.70213e+08

p18.pddl
bound		ida*-bfs (exp)		ss-bfs (exp)
26		1			1
27		2			2
28		15			13.2
29		222			396.99
30		171904			999.4
31		1.0371e+07			56330.8
32		9.8026e+07			5.25535e+07
33		2.0507e+09			6.70188e+09

p15.pddl
bound		ida*-bfs (exp)		ss-bfs (exp)
18		1			1
19		8			7.72
20		40			44.75
21		6070			7753.67
22		56709			207125
23		942405			563304

p12.pddl
bound		ida*-bfs (exp)		ss-bfs (exp)
12		6			5.44
13		36			28.81
14		280			226.24

p13.pddl
bound		ida*-bfs (exp)		ss-bfs (exp)
14		5			5
15		1899			1990.99

p07.pddl
bound		ida*-bfs (exp)		ss-bfs (exp)
25		16			16.22
26		61			69.37
27		631782			264437
28		1.03385e+07			4.26115e+06
29		2.23111e+08			9.73888e+07
30		3.11824e+09			9.71794e+08

p05.pddl
bound		ida*-bfs (exp)		ss-bfs (exp)
18		1			1
19		8			7.72
20		40			40.43
21		6071			1088.87
22		56782			226999
23		1.08306e+06			226921

p01.pddl
bound		ida*-bfs (exp)		ss-bfs (exp)
8		1			1
9		3			3
10		13			12.5
11		207			163.35

p10.pddl
bound		ida*-bfs (exp)		ss-bfs (exp)
30		655			681.7
31		2415			2501.4
32		77862			101290
33		506007			448308
34		1.06529e+07			5.61578e+06
35		9.1676e+07			8.56536e+07
36		1.87794e+09			1.516e+09

p04.pddl
bound		ida*-bfs (exp)		ss-bfs (exp)
16		2			2
17		25			24.38
18		4597			696.01
19		106045			132413

p06.pddl
bound		ida*-bfs (exp)		ss-bfs (exp)
23		451			434.84
24		19546			27694.8
25		539253			367677
26		8.7154e+06			1.09359e+07

p17.pddl
bound		ida*-bfs (exp)		ss-bfs (exp)
25		16			16.28
26		61			64.21
27		626504			270220
28		7.9356e+06			7.78928e+06
29		1.37269e+08			3.20697e+08
30		1.53412e+09			1.3795e+09

p20.pddl
bound		ida*-bfs (exp)		ss-bfs (exp)
30		655			806.9
31		2415			2277.32
32		82452			70403
33		487758			264725
34		1.03747e+07			7.34912e+06
35		7.77619e+07			2.74343e+07
36		1.54938e+09			3.85068e+08

p03.pddl
bound		ida*-bfs (exp)		ss-bfs (exp)
14		13			12.82
15		1923			2302.62

p09.pddl
bound		ida*-bfs (exp)		ss-bfs (exp)
28		6			6.04
29		18			18.4
30		201			252.01
31		2352			2585.26
32		23260			30835.8
33		387168			279252
34		5.48237e+06			3.60423e+06
35		1.98888e+08			6.52536e+07
36		2.92913e+09			1.7694e+08

p08.pddl
bound		ida*-bfs (exp)		ss-bfs (exp)
26		1			1
27		2			2
28		15			13.92
29		222			210.03
30		171904			2072.05
31		1.04303e+07			4.9114e+06
32		1.38504e+08			6.66194e+06
33		3.73088e+09			2.03138e+08

p16.pddl
bound		ida*-bfs (exp)		ss-bfs (exp)
23		451			486.68
24		19546			11909.3
25		524813			430394
26		7.89641e+06			7.5192e+06

p11.pddl
bound		ida*-bfs (exp)		ss-bfs (exp)
8		1			1
10		3			3
11		34			30.75
12		90			76.19

p02.pddl
bound		ida*-bfs (exp)		ss-bfs (exp)
12		6			5.56
13		36			49.48
14		1038			1198.87
