	Report:		ida*-bfs-vs-ss-bfs - using ipdb heuristic - 100 probes.

parking-opt11-strips

pfile08-029.pddl
bound		ida*-bfs (exp)		ss-bfs (exp)
21		2			2
22		41			42.81
23		1072			1135.92
24		27106			25840.5
25		678209			581001
26		1.67729e+07			1.7594e+07

pfile05-018.pddl
bound		ida*-bfs (exp)		ss-bfs (exp)
14		2			2
15		44			45.11
16		999			1082.9
17		21077			18513.5
18		416444			348547
19		7.95364e+06			7.51699e+06
20		1.47668e+08			1.30545e+08

pfile07-027.pddl
bound		ida*-bfs (exp)		ss-bfs (exp)
20		2			2
21		57			57.04
22		1289			1196.78
23		28848			28942.8
24		637863			701255
25		1.40456e+07			1.43355e+07

pfile06-023.pddl
bound		ida*-bfs (exp)		ss-bfs (exp)
16		1			1
17		21			21.64
18		462			495.36
19		10437			9909.02
20		227587			320677
21		4.77978e+06			5.46642e+06
22		9.69391e+07			1.15041e+08

pfile08-030.pddl
bound		ida*-bfs (exp)		ss-bfs (exp)
22		3			3
23		113			117.82
24		3367			3984.11
25		92930			97883.3
26		2.46554e+06			2.52736e+06
27		6.38168e+07			6.89299e+07

pfile07-028.pddl
bound		ida*-bfs (exp)		ss-bfs (exp)
20		1			1
21		28			25.4
22		681			657.6
23		16387			15691.2
24		388237			429546
25		9.07834e+06			8.94665e+06

pfile05-019.pddl
bound		ida*-bfs (exp)		ss-bfs (exp)
16		1			1
17		15			15.96
18		305			306.76
19		5989			6385.24
20		113023			122190
21		2.097e+06			2.10663e+06
22		3.81276e+07			4.76211e+07
23		6.82969e+08			7.8432e+08

pfile06-021.pddl
bound		ida*-bfs (exp)		ss-bfs (exp)
17		3			3
18		86			90.12
19		2517			2527.02
20		64194			61873.5
21		1.53716e+06			1.78201e+06
22		3.47298e+07			3.66492e+07
23		7.52034e+08			7.26124e+08

pfile03-011.pddl
bound		ida*-bfs (exp)		ss-bfs (exp)
8		1			1
9		9			8.77
10		88			90.15
11		824			805.13
12		7675			7441.74
13		73959			67091.9
14		705194			658500

pfile07-026.pddl
bound		ida*-bfs (exp)		ss-bfs (exp)
19		3			3
20		112			114.49
21		3782			3680.65
22		112709			129952
23		3.08247e+06			2.88402e+06
24		7.96148e+07			8.9241e+07

pfile05-017.pddl
bound		ida*-bfs (exp)		ss-bfs (exp)
15		2			2
16		33			33.42
17		750			716.31
18		15945			14409
19		317705			321902
20		6.0744e+06			6.27356e+06
21		1.11936e+08			1.15388e+08

pfile03-012.pddl
bound		ida*-bfs (exp)		ss-bfs (exp)
12		1			1
13		10			9.7
14		181			187.06
15		2790			2706.82
16		40452			38397.3
17		559487			540745
18		7.42186e+06			9.18296e+06
19		9.59479e+07			8.15491e+07
20		1.21158e+09			1.30953e+09

pfile06-024.pddl
bound		ida*-bfs (exp)		ss-bfs (exp)
17		1			1
18		40			37.96
19		1327			1408.98
20		36497			38599
21		882357			872989
22		1.94712e+07			1.77205e+07
23		4.04024e+08			3.41316e+08

pfile06-022.pddl
bound		ida*-bfs (exp)		ss-bfs (exp)
18		1			1
19		30			31.6
20		727			803.62
21		17354			18695.1
22		391954			405536
23		8.54093e+06			8.56354e+06
24		1.8079e+08			1.96451e+08

pfile04-014.pddl
bound		ida*-bfs (exp)		ss-bfs (exp)
13		1			1
14		17			15.34
15		251			322.09
16		3781			3654.43
17		52616			47529.8
18		725676			624707
19		9.75315e+06			8.90779e+06
20		1.30162e+08			1.25022e+08
21		1.72073e+09			1.64166e+09

pfile05-020.pddl
bound		ida*-bfs (exp)		ss-bfs (exp)
16		5			5
17		110			110.36
18		1932			1981.16
19		32232			30732.8
20		529617			570961
21		8.63305e+06			9.52919e+06
22		1.40374e+08			1.4893e+08

pfile04-015.pddl
bound		ida*-bfs (exp)		ss-bfs (exp)
13		2			2
14		30			31.2
15		554			571.16
16		9398			9500.35
17		155074			173609
18		2.46534e+06			2.40023e+06
19		3.85537e+07			4.33673e+07

pfile07-025.pddl
bound		ida*-bfs (exp)		ss-bfs (exp)
20		1			1
21		29			28.6
22		1152			1173.4
23		35657			41399
24		1.01507e+06			1.12023e+06
25		2.70094e+07			3.34606e+07

pfile04-013.pddl
bound		ida*-bfs (exp)		ss-bfs (exp)
14		1			1
15		18			18.08
16		323			398.6
17		5183			5256.32
18		83069			92181.2
19		1.2925e+06			1.21906e+06
20		1.98186e+07			2.13125e+07

pfile04-016.pddl
bound		ida*-bfs (exp)		ss-bfs (exp)
12		2			2
13		33			31.36
14		567			533.74
15		8713			9301.27
16		126199			134065
17		1.77248e+06			1.79013e+06
18		2.42049e+07			2.38248e+07
19		3.26594e+08			3.37341e+08
