	Report:		ida*-bfs-vs-ss-bfs - using ipdb heuristic - 100 probes.

tidybot-opt11-strips

p14.pddl
bound		ida*-bfs (exp)		ss-bfs (exp)
6		2			2
7		8			8
8		31			31
9		90			90.36
10		309			308.55
11		926			889.28
12		3307			3704.04
13		11001			11302.6
14		41097			41386.5
15		147520			157864
16		560964			662148
17		2.0793e+06			2.56297e+06
18		7.91177e+06			7.12606e+06
19		2.95398e+07			2.93298e+07

p19.pddl
bound		ida*-bfs (exp)		ss-bfs (exp)
6		2			2
7		8			8
8		31			31
9		90			89.1
10		309			305.46
11		877			889.12
12		3007			3180.1
13		8766			9586.42
14		30648			28986.8
15		93240			90135.4
16		334658			281123
17		1.06791e+06			1.0812e+06
18		3.94038e+06			3.99602e+06
19		1.31401e+07			1.2839e+07
20		4.96487e+07			4.06726e+07

p18.pddl
bound		ida*-bfs (exp)		ss-bfs (exp)
7		1			1
8		3			3
9		7			7
10		20			20.08
11		49			49
12		149			153.31
13		375			371.59
14		1222			1143.88
15		3225			3379.15
16		11110			13084.3
17		31047			34750
18		111600			108789
19		330465			397476
20		1.22453e+06			1.66907e+06
21		3.81689e+06			4.59008e+06
22		1.44239e+07			1.60643e+07
23		4.6832e+07			4.38566e+07

p15.pddl
bound		ida*-bfs (exp)		ss-bfs (exp)
6		5			5
7		27			27
8		133			133
9		471			472.94
10		1923			1903.92
11		6569			6611.83
12		26708			25610.6
13		96436			92147.1
14		398599			401489
15		1.51544e+06			1.73172e+06
16		6.26236e+06			5.89509e+06
17		2.44189e+07			2.6212e+07

p12.pddl
bound		ida*-bfs (exp)		ss-bfs (exp)
10		1			1
11		3			3
12		9			9
13		21			21
14		59			59.09
15		150			154.35
16		455			464.4
17		1324			1304.17
18		4298			4057.31
19		13709			12895.2
20		45927			46333.7
21		152937			148724
22		517780			532328
23		1.75337e+06			1.80335e+06
24		5.95434e+06			6.54974e+06
25		2.02851e+07			1.9116e+07
26		6.89772e+07			7.26685e+07

p13.pddl
bound		ida*-bfs (exp)		ss-bfs (exp)
8		2			2
9		8			8
10		31			31
11		90			89.52
12		309			304.7
13		931			939.98
14		3292			3367.96
15		10936			11282.4
16		39918			45059.1
17		141437			136684
18		520240			468190
19		1.88877e+06			1.83253e+06
20		6.91198e+06			7.5365e+06
21		2.51879e+07			2.37167e+07
22		9.14574e+07			1.03082e+08

p07.pddl
bound		ida*-bfs (exp)		ss-bfs (exp)
7		5			5
8		27			27
9		95			95
10		317			319.98
11		1084			1068.39
12		3543			3571.44
13		12073			12490.2
14		40910			40918.9
15		145044			145805
16		502302			495944
17		1.88258e+06			1.6565e+06

p05.pddl
bound		ida*-bfs (exp)		ss-bfs (exp)
9		2			2
10		8			8
11		23			23
12		62			62.2
13		180			180.83
14		473			474.48
15		1342			1290.22
16		3512			3530.84
17		9749			9334.54
18		25482			24398
19		70239			65818
20		184550			168151
21		513033			424396
22		1.36898e+06			1.45666e+06
23		3.89587e+06			3.26499e+06
24		1.06921e+07			1.21686e+07
25		3.15501e+07			4.37869e+07
26		9.009e+07			8.43982e+07
27		2.77555e+08			3.01067e+08

p01.pddl
bound		ida*-bfs (exp)		ss-bfs (exp)
4		65			65

p10.pddl
bound		ida*-bfs (exp)		ss-bfs (exp)
10		1			1
11		3			3
12		9			9
13		21			21
14		59			59.16
15		150			148.79
16		455			458.87
17		1324			1291.96
18		4298			4428.37
19		13709			14210.3
20		45927			48688.7
21		152937			182707
22		517760			535313
23		1.75322e+06			1.73851e+06
24		5.95296e+06			6.12679e+06
25		2.0276e+07			2.00077e+07
26		6.89242e+07			6.6339e+07

p04.pddl
bound		ida*-bfs (exp)		ss-bfs (exp)
8		2			2
9		8			8
10		23			23
11		62			61.6
12		180			182.72
13		473			475.41
14		1342			1368.95
15		3512			3703.04
16		9720			9519.7
17		25324			28005.9
18		68967			76552.1
19		178873			188355
20		482443			513809
21		1.24626e+06			1.32617e+06
22		3.34087e+06			3.64223e+06
23		8.6012e+06			8.98213e+06
24		2.29597e+07			2.47656e+07
25		5.89488e+07			5.60655e+07
26		1.56844e+08			1.28041e+08
27		4.01839e+08			4.31491e+08

p06.pddl
bound		ida*-bfs (exp)		ss-bfs (exp)
10		1			1
11		3			3
12		7			7
13		15			15
14		36			35.84
15		79			79.01
16		193			196.69
17		440			428.51
18		1087			1110.7
19		2548			2713.8
20		6388			6415.55
21		15348			15719
22		39376			39842.4
23		97397			119610
24		258462			284882
25		664160			727173
26		1.84196e+06			1.55113e+06
27		4.9634e+06			4.34399e+06
28		1.44657e+07			8.22559e+06
29		4.10545e+07			3.2455e+07
30		1.2542e+08			1.13195e+08

p17.pddl
bound		ida*-bfs (exp)		ss-bfs (exp)
6		2			2
7		8			8
8		31			31
9		90			90.78
10		298			305.85
11		835			797.98
12		2680			2753.5
13		7871			8297.04
14		25802			26549.1
15		81845			76815.9
16		279751			255101
17		957468			1.07563e+06
18		3.40655e+06			3.77152e+06
19		1.23286e+07			1.27589e+07
20		4.50548e+07			5.84662e+07

p20.pddl
bound		ida*-bfs (exp)		ss-bfs (exp)
8		1			1
9		3			3
10		7			7
11		15			15
12		36			36.26
13		79			80.1
14		193			192.04
15		440			445.44
16		1087			1050.97
17		2548			2596.6
18		6388			6440.22
19		15342			15335.2
20		39365			40322.6
21		97264			101027
22		258410			265173
23		663522			617633
24		1.8495e+06			1.6316e+06
25		4.99917e+06			4.69633e+06
26		1.47692e+07			1.3772e+07
27		4.24246e+07			5.22787e+07

p03.pddl
bound		ida*-bfs (exp)		ss-bfs (exp)
7		5			5
8		27			27
9		95			95
10		317			316.35
11		1084			1083.75
12		3543			3490.14
13		12173			12609.8
14		42555			43748.3
15		154176			138679
16		591627			817261

p09.pddl
bound		ida*-bfs (exp)		ss-bfs (exp)
8		5			5
9		27			27
10		95			95
11		317			314.82
12		1084			1098.97
13		3337			3288.39
14		10753			10530.4
15		31782			31718.8
16		97691			95751.2
17		282017			251795
18		848508			885463
19		2.44027e+06			2.46179e+06
20		7.39381e+06			7.25588e+06
21		2.18199e+07			1.88489e+07
22		6.8771e+07			7.40644e+07

p08.pddl
bound		ida*-bfs (exp)		ss-bfs (exp)
9		2			2
10		8			8
11		23			23
12		62			62.1
13		180			183.52
14		473			471.99
15		1342			1324.13
16		3512			3643
17		9749			9957.25
18		25482			26419.2
19		70239			73110.9
20		184550			185049
21		513033			522289
22		1.36898e+06			1.15391e+06
23		3.89587e+06			4.72502e+06
24		1.06921e+07			1.02548e+07
25		3.15501e+07			3.42719e+07
26		9.009e+07			9.32614e+07
27		2.77555e+08			2.35787e+08

p16.pddl
bound		ida*-bfs (exp)		ss-bfs (exp)
6		1			1
7		3			3
8		9			9
9		21			21
10		59			59.28
11		148			150.16
12		442			451.07
13		1229			1201.17
14		3846			3667.1
15		11447			11693
16		36657			36731.7
17		113008			103719
18		366810			388917
19		1.15143e+06			1.06555e+06
20		3.78373e+06			4.14542e+06
21		1.20098e+07			1.57995e+07
22		4.00018e+07			4.2197e+07

p11.pddl
bound		ida*-bfs (exp)		ss-bfs (exp)
8		2			2
9		8			8
10		31			31
11		90			90.5
12		309			306.53
13		877			865.35
14		2976			3067.44
15		8595			8815.77
16		29160			26775
17		86162			85153.5
18		292293			304960
19		884067			805212
20		3.00258e+06			2.67085e+06
21		9.30537e+06			8.87641e+06
22		3.17225e+07			3.107e+07
23		1.00886e+08			1.0717e+08

p02.pddl
bound		ida*-bfs (exp)		ss-bfs (exp)
9		2			2
10		8			8
11		23			23
12		62			61.6
13		180			179.58
14		473			490.84
15		1342			1386.24
16		3512			3582.97
17		9720			10292.6
18		25324			25696.4
19		68967			68996.9
20		178873			185784
21		482443			468000
22		1.24626e+06			1.3235e+06
23		3.34087e+06			3.30931e+06
24		8.60125e+06			9.0461e+06
25		2.29599e+07			2.23477e+07
26		5.89515e+07			6.09352e+07
27		1.56851e+08			1.45039e+08
28		4.01916e+08			4.23467e+08
