	Report:		ida*-bfs-vs-ss-bfs - using ipdb heuristic - 100 probes.

transport-opt08-strips

p14.pddl
bound		ida*-bfs (exp)		ss-bfs (exp)
10		1			1
23		2			2
33		3			3
36		4			4.08
45		5			5.11
46		7			6.73
48		9			9.6
49		11			12.04
50		12			11.08
56		13			10.72
58		15			16.24
59		20			24.52
61		22			22.9
62		28			25.72
63		31			29.44
67		32			33.16
69		36			33.1
71		42			38.26
72		46			51.7
74		51			58.3
75		62			83.56
76		69			48.34
79		71			68.56
80		76			74.8
82		91			76.24
83		93			81.52
84		103			118.12
85		118			132.4
86		122			112.48
87		132			164.62
88		159			121.9
89		173			131.38
90		174			180.52
91		176			145.54
92		184			161.08
93		197			172.54
94		207			194.2
95		227			202.48
96		229			175.96
97		265			352.78
98		294			336.88
99		310			273.64
100		334			494.5
101		385			282.88
102		419			324.7
103		426			284.98
104		434			439.48
105		472			506.02
106		498			508.12
107		511			593.56
108		572			692.08
109		595			1193.68
110		643			667.72
111		721			397.72
112		738			498.64
113		774			554.98
114		903			790.54
115		956			617.62
116		1000			1050.82
117		1029			4820.62
118		1104			1320.58
119		1167			990.34
120		1244			1098.82
121		1352			781.6
122		1414			1559.26
123		1574			1798.12
124		1727			954.52
125		1827			1877.26
126		1945			1694.08
127		2186			2622.88
128		2364			3708.28
129		2448			1765.72
130		2515			2591.44
131		2735			1964.26
132		2865			2298.46
133		3036			6672.34
134		3360			2448.1
135		3557			2943.28
136		3819			3547.24
137		4270			7069.96
138		4434			2522.8
139		4704			4049.86
140		5338			3983.98
141		5610			3482.32
142		5898			5175.28
143		6195			3481.24
144		6617			5133.88
145		6986			11186.8
146		7383			10556.8
147		7988			4996.54
148		8449			7578.82
149		9199			5498.2
150		10086			17703.3
151		10654			4778.2
152		11401			9769.96
153		12571			7629.46
154		13631			13404
155		14230			9430.48
156		14826			13819.1
157		15972			15237.2
158		16786			15510.3
159		17845			20515.4
160		19676			20390.4
161		20871			14876.6
162		22417			9155.86
163		24718			17805.6
164		25914			21269.8
165		27658			17677.8
166		30775			173864
167		32545			23603.9
168		34274			25505.2
169		36266			35071.5
170		38635			19957.2
171		41109			21625.9
172		43533			45870
173		47194			49640.3
174		50099			25071.3
175		54158			25918.3
176		59228			36960.7
177		63123			37464.6
178		67495			62864.9
179		73587			55722.5
180		78899			35126.7
181		82996			65281.4
182		87129			315762
183		94049			507413
184		99135			53402
185		105077			151212
186		115161			128609
187		121776			255424
188		131796			65875.7
189		144300			82827.6
190		152174			111990
191		161798			93478.8
192		177059			147133
193		187971			154354
194		199596			132257
195		211778			772750
196		226020			125518
197		240075			273866
198		255257			250224
199		277101			203431
200		296708			85012.8
201		320279			243933
202		350407			230694
203		373477			200965
204		410523			327382
205		445204			352349
206		527983			261702
207		554754			698511
208		789519			883948
209		829494			491391
210		1.69824e+06			1.84466e+06
211		1.74342e+06			840969
212		5.14673e+06			553784
213		5.21374e+06			1.94154e+06
214		1.86413e+07			4.59577e+06
215		1.88237e+07			662348
216		7.23566e+07			6.50079e+06
217		7.29036e+07			1.45099e+07
218		2.86917e+08			2.54566e+06
219		2.8903e+08			562179
220		1.14484e+09			417410
221		1.15352e+09			572140
222		4.57663e+09			9.4386e+06
223		4.61281e+09			2.29882e+07

p19.pddl
bound		ida*-bfs (exp)		ss-bfs (exp)
20		1			1
32		2			2
34		3			3
36		5			5
37		6			6
38		7			7
39		9			9
40		10			10
43		11			11
44		12			12.3
46		14			13.9
47		16			16.72
48		23			22.9
49		32			33.87
50		37			33.8
51		45			43.6
52		54			57.6
53		63			72.6
54		72			75
55		81			82.8
56		92			95.6
57		95			78.8
58		102			81.2
59		107			101.4
60		119			126.4
61		138			158.8
62		158			141.6
63		209			187.8
64		248			175.4
65		315			361.8
66		384			386.6
67		463			385
68		559			476.4
69		622			585.2
70		707			809
71		771			726
72		864			841.8
73		931			876.6
74		1000			936.6
75		1137			1141.6
76		1295			1105.6
77		1573			1232
78		1834			1781.6
79		2160			3062.6
80		2607			3195
81		3107			2899.6
82		3783			2776.6
83		4461			3266.4
84		5212			6847
85		5968			4513.2
86		6669			6149.8
87		7512			9248.8
88		8324			7378.2
89		9321			9802.6
90		10458			14393.4
91		11914			9880.4
92		13855			13254
93		16049			20284.4
94		18893			12602
95		22142			24783.2
96		26046			33537.2
97		30859			35266.2
98		35783			56152
99		42226			30650.8
100		48829			53376
101		56349			70583.4
102		63746			102215
103		71549			98008.6
104		81513			187288
105		92696			52071.4
106		106282			140830
107		122030			102538
108		140513			253624
109		163593			154820
110		188846			242012
111		220649			216546
112		256464			176051
113		298948			186097
114		347327			290581
115		399387			367094
116		463090			377824
117		530140			296626
118		606293			451390
119		694384			492042
120		794846			894073
121		917746			745090
122		1.04874e+06			1.33608e+06
123		1.2115e+06			1.07021e+06
124		1.40007e+06			1.46966e+06
125		1.62135e+06			1.18826e+06
126		1.87158e+06			1.6869e+06
127		2.15276e+06			2.34124e+06
128		2.50076e+06			1.62432e+06
129		2.89454e+06			2.52589e+06
130		3.33813e+06			3.10352e+06
131		3.8487e+06			2.87777e+06
132		4.41815e+06			4.70571e+06
133		5.09968e+06			5.40398e+06
134		5.83848e+06			4.64381e+06
135		6.72162e+06			7.14691e+06
136		7.7374e+06			1.02673e+07
137		8.91522e+06			8.72602e+06
138		1.02793e+07			1.39471e+07
139		1.18452e+07			7.8046e+06
140		1.36936e+07			1.84769e+07
141		1.58137e+07			7.12214e+06
142		1.82168e+07			1.39946e+07
143		2.10458e+07			1.11538e+07
144		2.42645e+07			1.20743e+07
145		2.80335e+07			1.97037e+07
146		3.22096e+07			1.99377e+07
147		3.70779e+07			3.97995e+07
148		4.27767e+07			4.4586e+07
149		4.92467e+07			5.16702e+07
150		5.6668e+07			4.35419e+07
151		6.51463e+07			7.33342e+07
152		7.51718e+07			1.02361e+08
153		8.68192e+07			5.15383e+07
154		9.99427e+07			5.5168e+07
155		1.15307e+08			9.01723e+07
156		1.3288e+08			2.59618e+08
157		1.53517e+08			1.05755e+08
158		1.76859e+08			1.22487e+08
159		2.0377e+08			6.454e+08
160		2.35103e+08			3.79686e+08
161		2.7088e+08			3.0354e+08
162		3.121e+08			3.30697e+08
163		3.59523e+08			2.66927e+08
164		4.14166e+08			8.60806e+08
165		4.77656e+08			1.57384e+09
166		5.49744e+08			1.29765e+08
167		6.34275e+08			4.13544e+08
168		7.30786e+08			8.28206e+08
169		8.43052e+08			4.31498e+08
170		9.7124e+08			6.61527e+08

p29.pddl
bound		ida*-bfs (exp)		ss-bfs (exp)
20		1			1
22		7			7
24		31			31
26		127			127
28		511			511
30		2047			2047
32		8192			8192
34		32776			32776
36		131128			131126
38		524588			524601
40		2.09862e+06			2.09858e+06
41		2.09863e+06			2.09858e+06
42		8.39556e+06			8.39612e+06
43		8.39557e+06			8.39575e+06
44		3.35864e+07			3.35854e+07
45		3.35865e+07			3.15682e+07
46		1.34362e+08			1.41899e+08
47		1.34363e+08			1.3667e+08
48		5.37517e+08			6.05659e+08
49		5.3752e+08			4.82369e+08
50		2.15034e+09			2.39235e+09

p18.pddl
bound		ida*-bfs (exp)		ss-bfs (exp)
18		1			1
33		2			2
34		3			3
36		4			4
41		5			5
42		7			7
43		9			9
46		10			10
47		11			11.17
48		15			15.88
49		17			15.76
50		19			19.46
51		22			22.58
52		26			30.12
54		28			35.3
55		30			26.76
57		37			29.7
58		44			45.66
59		50			47.9
60		55			54.06
61		59			61.06
62		66			54.76
63		77			75.34
64		91			85.98
65		104			139.6
66		127			108.24
67		146			114.68
68		161			195.6
69		171			192.24
70		195			223.6
71		213			262.52
72		241			280.72
73		282			371.86
74		310			383.06
75		351			360.24
76		391			360.8
77		433			373.68
78		499			575.7
79		561			500.24
80		657			684.06
81		767			697.36
82		891			1257.22
83		991			958.32
84		1120			1172.38
85		1247			1286.48
86		1401			1426.76
87		1596			1412.76
88		1806			1368.52
89		2009			1418.64
90		2224			3125.8
91		2530			2113.18
92		2844			1851.66
93		3226			2534.72
94		3681			2375.68
95		4165			3664.38
96		4824			4004.3
97		5534			4205.76
98		6381			4634.86
99		7333			6630.7
100		8344			7595.86
101		9330			14957.2
102		10690			12035.7
103		12130			11117.3
104		13659			13674.9
105		15516			11382.6
106		17399			14429.8
107		19612			13773.6
108		22080			31820.5
109		25120			24857.3
110		28607			24986.1
111		32538			20856.9
112		37143			47584.5
113		42089			48952.4
114		48266			47789.3
115		55330			42886.4
116		63480			51057.2
117		72542			55322.7
118		82652			92175.6
119		93531			98269.7
120		106386			213463
121		121039			93307.2
122		137254			107697
123		156170			280315
124		177350			164795
125		201270			229330
126		228918			192540
127		259927			237432
128		295632			258148
129		336579			288997
130		385544			335226
131		441299			496868
132		505527			431736
133		576562			509830
134		656300			771144
135		747127			934144
136		852853			1.43125e+06
137		974499			804633
138		1.11099e+06			5.76186e+06
139		1.26758e+06			528998
140		1.44099e+06			1.56759e+06
141		1.6403e+06			1.84031e+06
142		1.86763e+06			1.57882e+06
143		2.12765e+06			2.37384e+06
144		2.43172e+06			2.07525e+06
145		2.7752e+06			1.40482e+06
146		3.16948e+06			3.1271e+06
147		3.62018e+06			2.81102e+06
148		4.13546e+06			6.50991e+06
149		4.71671e+06			4.28294e+06
150		5.38836e+06			5.00393e+06
151		6.15893e+06			3.94888e+06
152		7.03912e+06			3.821e+06
153		8.0421e+06			3.45433e+06
154		9.18597e+06			5.34476e+06
155		1.04875e+07			8.00829e+06
156		1.19628e+07			6.36601e+06
157		1.36459e+07			1.35182e+07
158		1.55891e+07			5.50278e+06
159		1.78147e+07			1.83329e+07
160		2.037e+07			1.31656e+07
161		2.3265e+07			5.50558e+07
162		2.65859e+07			4.25232e+07
163		3.03577e+07			2.253e+07
164		3.4692e+07			2.11229e+07
165		3.9674e+07			4.60182e+07
166		4.53981e+07			3.23253e+07
167		5.19282e+07			3.27398e+07
168		5.93762e+07			4.54165e+07
169		6.79052e+07			9.32027e+07
170		7.75757e+07			6.28215e+07
171		8.86846e+07			4.64897e+07
172		1.01408e+08			9.24781e+07
173		1.16037e+08			6.25141e+07
174		1.32758e+08			1.85523e+08
175		1.51876e+08			9.06286e+07
176		1.7373e+08			3.03434e+08
177		1.98586e+08			1.22041e+09
178		2.2713e+08			9.57719e+07
179		2.59858e+08			1.27038e+08
180		2.97521e+08			1.32089e+08
181		3.40602e+08			3.26425e+08
182		3.89918e+08			2.51457e+08
183		4.46213e+08			4.28218e+08
184		5.10576e+08			4.50188e+08
185		5.84153e+08			7.77033e+08
186		6.68719e+08			6.93095e+08
187		7.65802e+08			9.58009e+08
188		8.77124e+08			4.63189e+08
189		1.00434e+09			4.3765e+08

p15.pddl
bound		ida*-bfs (exp)		ss-bfs (exp)
12		1			1
36		2			2
37		4			4
57		5			4.9
60		6			5.86
61		10			8.74
62		14			13.72
65		15			14.83
71		16			15.88
73		17			16.24
75		18			17.2
78		19			17.5
79		20			18.22
81		21			20.74
82		25			26.02
84		27			24.94
85		37			35.38
86		51			53.08
87		59			53.92
90		64			62.38
92		66			54.88
93		68			56.32
94		70			71.2
95		71			69.52
96		77			84.64
97		78			76.18
98		82			75.58
99		86			79.06
100		93			94.78
101		94			89.44
102		99			93.46
103		111			100.18
104		117			111.94
105		120			127.84
106		138			118.36
107		157			138.46
108		163			155.26
109		190			214.24
110		230			249.04
111		273			255.22
112		291			312.34
113		299			331.6
114		315			245.44
115		341			319.84
116		344			330.52
117		360			270.82
118		380			369.34
119		394			413.68
120		422			416.74
121		459			421.18
122		486			558.76
123		508			445.78
124		556			559.72
125		591			560.38
126		609			480.16
127		682			766.9
128		775			484.36
129		813			707.68
130		882			978.16
131		959			663.52
132		1050			1003.24
133		1151			998.68
134		1324			1690.9
135		1552			1444.84
136		1705			2114.5
137		1781			2084.98
138		1870			2557.12
139		1980			2794.18
140		2100			2252.56
141		2246			2998.12
142		2403			2625.22
143		2619			2831.56
144		2768			2214.82
145		2979			2507.56
146		3214			2113.3
147		3380			3766.18
148		3686			1840.24
149		4066			3021.22
150		4310			1946.02
151		4695			4588.48
152		5219			5116.42
153		5710			5071.06
154		6144			5480.08
155		6692			5181.7
156		7474			5979.76
157		8251			7382.92
158		9048			10739.6
159		10054			9410.98
160		11037			11681.4
161		11796			7220.02
162		12743			8883.22
163		13823			13732.2
164		14942			16252.6
165		15921			10643.6
166		17035			11188.2
167		18406			15686.9
168		19732			26454.5
169		21419			18427.1
170		23615			10606.9
171		25479			35107.1
172		27837			19947.9
173		30418			12066.7
174		32729			19457.7
175		35347			41668
176		38949			33830.3
177		43511			51300.9
178		47865			62820.1
179		51745			50577.8
180		56350			42476.4
181		61706			41708.6
182		67089			59264
183		74178			59024.1
184		81870			61582.5
185		90304			100833
186		97718			159112
187		105568			83871.6
188		113696			105632
189		121737			192266
190		132405			106470
191		148026			137759
192		161480			131950
193		176119			205995
194		191297			120711
195		207105			115251
196		224688			151366
197		246328			229399
198		270583			188351
199		297958			437072
200		327370			468761
201		360220			672664
202		392558			360499
203		423481			220711
204		463297			506702
205		514616			492779
206		571850			332685
207		627029			980711
208		684181			485995
209		747976			854653
210		812327			326525
211		885425			665416
212		975581			662054
213		1.07062e+06			1.35093e+06
214		1.17322e+06			875912
215		1.28798e+06			1.16881e+06
216		1.39622e+06			2.81177e+06
217		1.51415e+06			554071
218		1.65862e+06			530268
219		1.8437e+06			1.52361e+06
220		2.03604e+06			1.86972e+06
221		2.2376e+06			1.31431e+06
222		2.44328e+06			1.4504e+06
223		2.68445e+06			1.75063e+06
224		2.93103e+06			3.00768e+06
225		3.22763e+06			1.40797e+06
226		3.5483e+06			1.42827e+06
227		3.93116e+06			1.61963e+06
228		4.33374e+06			1.72695e+06
229		4.77796e+06			2.21526e+06
230		5.21666e+06			1.44106e+06
231		5.67751e+06			2.50971e+06
232		6.19258e+06			2.81919e+06
233		6.88868e+06			5.31235e+06
234		7.63313e+06			6.78955e+06
235		8.39344e+06			3.81158e+06
236		9.19566e+06			3.04163e+06
237		1.00466e+07			6.63802e+06
238		1.09866e+07			4.99334e+06
239		1.20603e+07			5.52637e+06
240		1.3386e+07			1.15422e+07
241		1.48598e+07			7.1877e+06
242		1.6753e+07			2.14004e+07
243		1.8564e+07			1.26379e+07
244		2.14735e+07			5.84411e+07
245		2.38235e+07			4.12946e+06
246		3.07309e+07			1.18868e+07
247		3.5701e+07			1.75498e+07
248		5.78554e+07			4.57779e+07
249		7.04828e+07			5.21611e+08
250		1.50687e+08			7.30419e+06
251		1.92598e+08			1.16637e+07
252		5.04547e+08			2.50586e+07
253		6.62211e+08			2.48896e+07
254		1.90007e+09			5.57371e+07
255		2.51987e+09			6.76076e+07
256		7.45905e+09			4.4745e+07

p25.pddl
bound		ida*-bfs (exp)		ss-bfs (exp)
422		26			26.82
424		330			334.15
425		346			339.99
426		3575			3424.85
427		3866			3852.07
428		36477			33837.4
429		40111			37104.6
430		365761			393707
431		405618			422282
432		3.65268e+06			3.4064e+06
433		4.06804e+06			4.40959e+06
434		3.63893e+07			3.40145e+07
435		4.06226e+07			4.51443e+07
436		3.61145e+08			4.01233e+08
437		4.03782e+08			3.67359e+08
438		3.56588e+09			3.48059e+09
439		3.99168e+09			3.91351e+09

p12.pddl
bound		ida*-bfs (exp)		ss-bfs (exp)
6		1			1
45		3			3
53		5			5
68		7			7.08
70		9			9
76		11			10.84
80		13			13
84		17			16.92
85		19			18.68
87		21			21.56
91		23			22.76
92		27			28.12
97		29			28.4
99		31			30.08
100		35			35.4
102		37			40.4
104		39			38
105		41			42.8
107		47			47.6
109		53			48.6
110		55			55
111		57			56.4
114		61			62.8
115		79			89.2
116		81			83.4
117		87			88.4
119		95			104.2
120		99			100
121		101			100.2
122		103			96.4
123		117			121.4
124		125			133.6
125		127			124
126		137			122.2
127		143			132.6
128		147			152.4
130		163			158.8
131		175			169.4
132		195			211.4
133		199			215.8
134		215			200.8
136		225			198
137		227			213.2
138		259			274.6
139		269			280.2
140		283			271.4
141		293			268
142		305			320.4
143		321			320
144		355			374.2
145		363			390.2
146		395			414.4
147		423			484.6
148		443			410.8
149		509			483.4
150		535			655.4
151		571			642.2
152		579			596.2
153		621			537.4
154		675			660
155		733			709.2
156		737			714.2
157		771			800.2
158		805			880.2
159		871			833.8
160		893			851.8
161		1011			809
162		1079			1062.6
163		1131			1184.6
164		1209			1187
165		1267			1290
166		1387			1234.8
167		1475			1392.8
168		1541			1366
169		1627			1603.2
170		1723			1771.4
171		1747			1473.4
172		1895			1604.6
173		1959			1875
174		2045			1859.6
175		2147			1982.8
176		2311			2205.4
177		2447			2307.8
178		2721			2325.6
179		2853			4036.8
180		3021			2291.6
181		3189			2879.6
182		3365			4238.4
183		3671			3433.2
184		4009			4842.92
185		4321			4025.92
186		4461			5489
187		4657			3931.92
188		4849			4623.24
189		5221			5494.44
190		5623			5528.8
191		5813			6446
192		6133			5217.28
193		6709			4777.44
194		7049			4678.72
195		7845			7806.32
196		8263			7358.04
197		8609			9740.16
198		9165			9407.56
199		9673			7868.04
200		10489			9393.28
201		11343			12173.3
202		11857			14427.5
203		12329			14734.7
204		12903			7899.4
205		13585			11948.4
206		14453			23931.1
207		15545			11263.8
208		16403			21620.8
209		17405			17393.1
210		18675			13306
211		19589			13202.3
212		21291			16668.9
213		22743			20436.1
214		24009			22714.2
215		25303			19927.6
216		26793			43135.7
217		28391			20460.7
218		30743			20954.5
219		33005			36610.5
220		34191			25421
221		35831			39719.9
222		37869			35719.3
223		40329			40301.2
224		44735			39162.1
225		46953			37259.9
226		49437			81666.3
227		52751			28890.8
228		55723			37407.3
229		61413			95139.5
230		65501			58542.8
231		68693			72713.6
232		72419			109364
233		76391			78845.1
234		81683			99750.1
235		87319			96094.1
236		93445			88334.4
237		97705			125545
238		102385			77816.8
239		109931			130389
240		116323			172280
241		126799			109488
242		134085			104924
243		141525			112459
244		150951			313296
245		159331			244561
246		170679			222789
247		183889			353971
248		193805			277163
249		203409			383601
250		214129			273751
251		227199			118839
252		243475			121964
253		264475			220427
254		277185			482445
255		292721			269293
256		311201			232762
257		329269			181138
258		362145			238550
259		385175			282289
260		409069			769017
261		431587			287505
262		457441			496038
263		493945			212672
264		530977			703193
265		562809			607723
266		590755			653656
267		621295			412900
268		668797			393340
269		710811			1.44892e+06
270		777413			605545
271		818081			527231
272		862963			809345
273		924025			238013
274		981777			924111
275		1.0713e+06			1.86091e+06
276		1.15353e+06			793503
277		1.22087e+06			748484
278		1.35686e+06			811818
279		1.43614e+06			736310
280		2.01952e+06			1.69714e+06
281		2.13329e+06			6.24601e+06
282		6.39508e+06			891519
283		6.4986e+06			1.5907e+07
284		4.26716e+07			3.40093e+08
285		4.28189e+07			1.71407e+06
286		3.59229e+08			7.06385e+08
287		3.59441e+08			2.10224e+08
288		3.15149e+09			1.12255e+10
289		3.15167e+09			1.51874e+06
290		2.79128e+10			1.18717e+07

p13.pddl
bound		ida*-bfs (exp)		ss-bfs (exp)
8		1			1
32		3			3
38		4			4
49		6			6
50		9			9.47
55		10			10.2
56		15			14.92
62		17			16.2
64		19			19.4
67		20			19.48
68		22			25.4
73		28			30.84
74		38			32.44
79		44			42.68
80		60			60.68
81		62			59.64
82		63			66.52
85		64			68.12
86		69			81.72
87		70			60.92
88		79			75.88
90		83			74.28
91		95			91
92		114			124.44
93		115			100.2
94		118			99.32
96		122			99.08
97		149			143.72
98		181			197.32
100		183			200.52
102		184			153.72
103		201			201
104		242			211.8
105		257			216.12
106		275			237.72
108		278			258.52
109		306			346.44
110		338			347.72
111		349			427.8
112		389			438.52
113		390			464.12
114		410			342.6
115		461			505.56
116		530			483.56
117		536			483.56
118		542			578.6
119		543			601.8
120		576			463
121		673			658.92
122		794			920.76
123		819			762.44
124		865			811.32
125		866			912.12
126		883			700.84
127		992			740.2
128		1138			1249.64
129		1209			1090.36
130		1293			1150.44
131		1303			1042.03
132		1341			1185.49
133		1478			1239.94
134		1629			1845.82
135		1681			2348.29
136		1814			1680.67
137		1844			1411.48
138		1966			1331.83
139		2211			2215.63
140		2514			2062.36
141		2577			2009.71
142		2688			3653.2
143		2714			2456.47
144		2880			3351.52
145		3330			3490.3
146		3732			3265.48
147		3871			3606.76
148		4119			3486.61
149		4146			4660.66
150		4266			6451.03
151		4732			7694.02
152		5344			4059.91
153		5677			4751.92
154		6039			4571.11
155		6136			6772.69
156		6426			5909.86
157		7104			5546.17
158		7810			9115.21
159		8137			6908.14
160		8804			7910.11
161		9029			9334.99
162		9622			8421.31
163		10837			10028.5
164		11936			12875.6
165		12444			9693.37
166		13043			8277.67
167		13248			10531.1
168		14068			12580.8
169		15934			22655.8
170		17759			20269.9
171		18578			12583.8
172		19771			31429.8
173		20253			17485.2
174		21139			18414.4
175		23545			30254.5
176		26118			22071.3
177		28676			24302.6
178		30599			37613
179		34416			37619.7
180		36071			46758.9
181		52179			27133.3
182		55181			42809.4
183		106337			34450.9
184		109129			60543.7
185		307428			53436.9
186		310265			38123.9
187		1.10254e+06			81327.9
188		1.10766e+06			82995.9
189		4.25675e+06			1.43874e+07
190		4.26001e+06			46956.7
191		1.68456e+07			77734.1
192		1.68497e+07			38990.7
193		6.71909e+07			146993
194		6.71988e+07			65532.7
195		2.68532e+08			74020.8
196		2.68538e+08			53587.6
197		1.07385e+09			129292
198		1.07386e+09			101851
199		4.2951e+09			149044
200		4.29511e+09			136183

p30.pddl
bound		ida*-bfs (exp)		ss-bfs (exp)
22		1			1
39		2			2
40		3			3
41		6			5.86
42		7			6.6
43		9			8.2
45		11			13.4
47		13			13.32
49		15			17
50		16			19
51		18			16.8
52		24			24.6
53		26			24.2
54		53			60.85
55		57			51.96
56		157			132.2
57		162			149
58		553			503.38
59		562			761.41
60		2110			1096.7
61		2131			2533.96
62		8291			10716.2
63		8319			12886.3
64		32914			51284.8
65		32966			34290.6
66		131292			119443
67		131424			255907
68		524671			750019
69		525132			750546
70		2.09806e+06			2.18192e+06
71		2.09999e+06			1.09307e+06
72		8.39168e+06			7.63845e+06
73		8.40099e+06			9.82442e+06
74		3.35679e+07			4.36311e+07
75		3.36199e+07			3.49956e+07
76		1.34288e+08			2.26912e+08
77		1.34629e+08			2.27482e+08
78		5.37305e+08			4.89058e+08
79		5.39853e+08			7.70562e+08
80		2.15057e+09			2.51504e+09

p07.pddl
bound		ida*-bfs (exp)		ss-bfs (exp)
16		1			1
18		3			3
20		5			5
22		7			7
24		9			9
26		11			11
28		13			13
30		15			15
31		16			16
32		19			19
33		25			24.74
34		33			32.68
35		53			52.44
36		71			68.22
37		143			116.73
38		195			185.35
39		469			612.99
40		644			750.2
41		1697			1709.23
42		2324			1969.31
43		6463			3215.36
44		8843			13367
45		25285			22651.3
46		34606			31326.5
47		100219			116039
48		137227			70043.3
49		399495			308570
50		547180			583925
51		1.59606e+06			1.17189e+06
52		2.18641e+06			2.23304e+06
53		6.38196e+06			4.87645e+06
54		8.743e+06			5.81606e+06
55		2.55269e+07			9.34941e+06
56		3.49713e+07			4.67426e+07
57		1.02121e+08			3.76227e+08
58		1.39901e+08			6.46397e+07
59		4.08605e+08			2.07652e+08
60		5.59741e+08			2.50402e+08

p05.pddl
bound		ida*-bfs (exp)		ss-bfs (exp)
28		4			4
30		10			10
32		18			18
34		28			28
36		40			40
38		54			54
40		70			70
42		118			117.45
43		129			127.22
44		358			339.96
45		397			429.48
46		1573			1570.27
47		1675			1593.67
48		7492			5488.27
49		7727			8143.44
50		35495			37063
51		36004			46985.4
52		165259			220166
53		166322			111252
54		756569			720828
55		758747			773526
56		3.41378e+06			3.30343e+06
57		3.41821e+06			3.51028e+06
58		1.52167e+07			1.98942e+07
59		1.52259e+07			1.84005e+07
60		6.71376e+07			8.75985e+07
61		6.71573e+07			5.94198e+07
62		2.93684e+08			2.78789e+08
63		2.93731e+08			3.75424e+08
64		1.27538e+09			1.1479e+09
65		1.27551e+09			1.88106e+09
66		5.50431e+09			5.82177e+09
67		5.50478e+09			3.53284e+09

p22.pddl
bound		ida*-bfs (exp)		ss-bfs (exp)
300		14			13.86
302		100			97.05
304		582			576.3
306		3080			3186.12
308		15370			15123.7
310		73740			74876.9
312		344078			335442
314		1.57288e+06			1.59341e+06
316		7.07791e+06			7.06703e+06
318		3.14573e+07			3.18201e+07
320		1.38412e+08			1.4028e+08
322		6.0398e+08			6.057e+08
324		2.61725e+09			2.63193e+09
326		1.12743e+10			1.09909e+10

p01.pddl
bound		ida*-bfs (exp)		ss-bfs (exp)
54		15			15

p10.pddl
bound		ida*-bfs (exp)		ss-bfs (exp)
22		1			1
24		3			3
26		5			5
28		7			7
30		9			9
32		11			11
33		12			12
34		14			14
35		24			24.07
36		26			26.07
37		70			68.07
38		72			68.97
39		243			279.75
40		245			221.82
41		912			978
42		914			1064.93
43		3556			3311.63
44		3560			5357.31
45		14081			22768.1
46		14102			12867.9
47		56074			46798.3
48		56218			51622.5
49		223945			252760
50		225005			232201
51		895845			1.03287e+06
52		903665			491287
53		3.58807e+06			1.97332e+06
54		3.64726e+06			2.00199e+06
55		1.43954e+07			1.23155e+07
56		1.4864e+07			8.41532e+06
57		5.79481e+07			7.62339e+07
58		6.18213e+07			3.12662e+07

p04.pddl
bound		ida*-bfs (exp)		ss-bfs (exp)
118		10			10
120		43			43
122		173			173
124		688			688
126		2740			2740
128		10937			10937
130		43711			43711
132		174790			174790
134		699086			699086
136		2.79625e+06			2.79625e+06
137		2.79631e+06			2.79631e+06
138		1.1185e+07			1.11849e+07
139		1.11853e+07			1.11853e+07
140		4.47398e+07			4.47398e+07
141		4.47414e+07			4.47414e+07
142		1.7896e+08			1.78959e+08
143		1.78967e+08			1.78967e+08
144		7.1584e+08			7.15841e+08
145		7.15873e+08			7.15876e+08
146		2.86337e+09			2.86336e+09
147		2.86352e+09			2.86352e+09
148		1.14535e+10			1.14535e+10

p26.pddl
bound		ida*-bfs (exp)		ss-bfs (exp)
14		1			1
16		3			3
18		5			5
20		7			7
22		9			9
24		11			11
26		14			14
28		22			22.04
30		44			42.73
32		116			113.43
34		382			389.79
36		1418			1256.06
38		5531			4908.27
40		21955			24217.5
42		87610			67886.2
44		350181			320632
46		1.40047e+06			1.50308e+06
48		5.602e+06			7.67379e+06
50		2.24099e+07			2.85016e+07
52		8.96496e+07			5.83098e+07
53		8.96496e+07			1.07331e+08
54		3.58641e+08			3.57332e+08
55		3.58641e+08			3.13074e+08
56		1.43474e+09			4.47436e+09
57		1.43474e+09			6.28191e+08

p06.pddl
bound		ida*-bfs (exp)		ss-bfs (exp)
14		1			1
16		3			3
18		5			5
20		7			7
22		9			9
24		11			11
26		14			14
28		21			21
29		22			22.12
30		33			34.04
31		36			35.52
32		52			51.78
33		58			57.28
34		82			78.2
35		96			93.44
36		129			135.44
37		172			162.41
38		219			202.76
39		373			372.29
40		451			318.21
41		1049			1114.39
42		1204			1044.61
43		3558			4663.86
44		3946			5683.74
45		13261			13564.2
46		14470			17490.5
47		51534			52055.7
48		55882			46478.4
49		203821			189509
50		220568			167879
51		811946			834167
52		878144			1.09584e+06
53		3.24377e+06			3.26597e+06
54		3.50772e+06			2.22656e+06
55		1.29734e+07			7.40428e+06
56		1.40287e+07			9.96195e+06
57		5.1908e+07			7.86727e+07
58		5.61314e+07			4.71042e+07
59		2.07721e+08			2.04321e+08
60		2.24628e+08			6.74308e+07
61		8.31283e+08			5.45293e+08
62		8.9898e+08			9.27365e+08
63		3.32681e+09			3.86808e+09

p17.pddl
bound		ida*-bfs (exp)		ss-bfs (exp)
16		1			1
29		2			2
32		3			3
34		4			4
35		5			5
36		7			7
37		8			8
39		9			9
40		11			11
42		12			11.9
44		14			14.8
45		17			16.73
48		22			22.32
49		25			27.65
50		29			27.78
51		32			32.92
52		41			39.25
53		51			52.2
54		55			57.32
55		61			66.12
56		73			62.6
57		83			85.64
58		94			114.92
59		100			93.64
60		112			113.16
61		129			146.12
62		145			143.72
63		157			173.96
64		184			213.96
65		206			195.88
66		230			226.28
67		250			280.84
68		288			241.64
69		335			286.28
70		360			394.44
71		421			411.24
72		498			439.24
73		564			529
74		643			460.52
75		707			705.48
76		837			845.48
77		964			704.36
78		1085			976.2
79		1173			1108.84
80		1347			1129
81		1521			1218.12
82		1699			1526.6
83		1877			2307.56
84		2148			1583.08
85		2500			1913.48
86		2763			2733.16
87		3059			3015.24
88		3552			3011.56
89		4063			4009.48
90		4713			5541.16
91		5178			5029
92		5897			5457.64
93		6665			7100.68
94		7574			11225.3
95		8476			11998.1
96		9604			15553.2
97		10992			10559.7
98		12416			13681.3
99		13740			15751.9
100		15595			11361.5
101		17831			19241.6
102		20324			23803.9
103		22769			25726.8
104		25975			19076
105		29108			28318.3
106		33074			36554.6
107		36899			23542.1
108		42164			57861.5
109		48067			35499.7
110		54409			118269
111		61018			59089
112		68906			67340.7
113		78381			90482.3
114		89274			53026.1
115		99909			107351
116		113961			90249
117		128920			149073
118		145799			256573
119		162446			129714
120		184798			164044
121		209747			225723
122		237804			174038
123		266804			343824
124		302380			302867
125		342747			221895
126		388168			291310
127		436553			505269
128		495934			580991
129		562908			765147
130		639585			653218
131		714035			498339
132		810683			714605
133		918405			1.33716e+06
134		1.04476e+06			1.29544e+06
135		1.17203e+06			1.04741e+06
136		1.32599e+06			1.48063e+06
137		1.50346e+06			2.75261e+06
138		1.70335e+06			1.62917e+06
139		1.91514e+06			2.91057e+06
140		2.16827e+06			1.2484e+06
141		2.45651e+06			4.41243e+06
142		2.79459e+06			1.34191e+06
143		3.13784e+06			1.74497e+06
144		3.54298e+06			2.06765e+06
145		3.9997e+06			4.90344e+06
146		4.55419e+06			2.09533e+06
147		5.12991e+06			5.10309e+06
148		5.8083e+06			2.30696e+06
149		6.56224e+06			1.08861e+07
150		7.4531e+06			4.5761e+06
151		8.39393e+06			7.49649e+06
152		9.48621e+06			6.31447e+06
153		1.07209e+07			2.27744e+07
154		1.21748e+07			1.02907e+07
155		1.37407e+07			1.35774e+07
156		1.55578e+07			7.04027e+06
157		1.75237e+07			1.98653e+07
158		1.98829e+07			1.55975e+07
159		2.24142e+07			1.8448e+07
160		2.54296e+07			6.84522e+07
161		2.87045e+07			5.54049e+07
162		3.25369e+07			1.88438e+07
163		3.66949e+07			2.21602e+07
164		4.15264e+07			3.45608e+07
165		4.68954e+07			2.04044e+07
166		5.3163e+07			8.50064e+07
167		5.997e+07			3.59889e+07
168		6.79831e+07			2.45226e+08
169		7.67614e+07			1.94041e+08
170		8.69075e+07			4.50893e+07
171		9.79507e+07			1.05804e+08
172		1.11001e+08			8.54466e+07
173		1.25479e+08			1.67898e+08
174		1.42321e+08			8.6987e+07
175		1.60441e+08			2.45995e+08
176		1.81608e+08			2.48041e+08
177		2.05124e+08			1.76191e+08
178		2.32336e+08			2.21617e+08
179		2.62153e+08			4.26604e+08
180		2.9681e+08			2.57691e+08
181		3.35552e+08			2.66074e+08
182		3.80351e+08			1.13637e+09
183		4.2862e+08			1.75501e+08
184		4.85075e+08			7.50939e+08
185		5.47871e+08			2.81224e+08
186		6.21732e+08			2.16655e+08
187		7.01696e+08			3.22277e+08
188		7.94202e+08			7.5041e+08
189		8.96934e+08			1.41414e+09
190		1.01623e+09			4.37835e+08
191		1.14668e+09			1.81461e+09
192		1.29773e+09			4.45667e+08

p20.pddl
bound		ida*-bfs (exp)		ss-bfs (exp)
22		1			1
35		2			2
36		3			3
40		4			4
41		5			5
45		6			6
46		7			7
47		8			8
48		10			10.68
49		14			13.8
50		18			16.34
53		20			21.8
54		22			21.15
55		28			27
56		29			27.65
57		31			28.69
58		34			31.03
59		40			42.86
60		46			45.2
61		52			51.83
62		57			51.05
63		68			71.2
64		77			65.35
65		85			94.08
66		93			95.77
67		106			97.59
68		122			113.19
69		142			125.41
70		157			143.87
71		171			161.42
72		194			232.92
73		234			229.15
74		274			188.33
75		320			300.65
76		355			336.14
77		390			403.61
78		442			372.93
79		498			474.59
80		540			517.62
81		628			593.41
82		690			604.2
83		818			720.03
84		910			928.68
85		1014			957.28
86		1134			1059.59
87		1306			1298.66
88		1558			1338.05
89		1781			2042.13
90		1930			1724.41
91		2161			1880.02
92		2426			1692.17
93		2780			2700.97
94		3153			3051.06
95		3559			3443.53
96		4023			4421.78
97		4595			3616.17
98		5174			3625.92
99		5895			3865.64
100		6593			5732.83
101		7640			6065.5
102		8792			8420.71
103		10084			9544.56
104		11098			7733.66
105		12412			13661.1
106		13909			14452.1
107		16085			23390.9
108		18179			15489.7
109		21012			20976.9
110		23488			27131.1
111		26632			23529.4
112		29938			20392.9
113		33983			27555.5
114		38704			38095.2
115		43864			36281.7
116		50016			50450.5
117		56649			67722.4
118		63134			34277.4
119		71127			59613.3
120		80366			104434
121		92423			163129
122		105537			97913.9
123		119905			83607.6
124		134978			78865.5
125		152571			118417
126		172647			160796
127		197575			203057
128		223286			418733
129		255519			287007
130		286793			265456
131		325561			262223
132		364229			303001
133		414630			381051
134		469824			680111
135		538999			453960
136		610372			786460
137		691591			538301
138		776993			727327
139		881838			648585
140		1.00248e+06			1.38603e+06
141		1.1407e+06			1.19317e+06
142		1.29665e+06			1.56102e+06
143		1.46538e+06			808219
144		1.65098e+06			1.30675e+06
145		1.86481e+06			1.73997e+06
146		2.11384e+06			3.70931e+06
147		2.40876e+06			1.5559e+06
148		2.73499e+06			2.13076e+06
149		3.11545e+06			1.49359e+06
150		3.52257e+06			1.99905e+06
151		3.98752e+06			2.73088e+06
152		4.49895e+06			2.05051e+06
153		5.11928e+06			3.17194e+06
154		5.80703e+06			4.33031e+06
155		6.62908e+06			6.64952e+06
156		7.47185e+06			6.61253e+06
157		8.47251e+06			5.59469e+06
158		9.52047e+06			7.86624e+06
159		1.08433e+07			8.83618e+06
160		1.22972e+07			1.13548e+07
161		1.40226e+07			1.32445e+07
162		1.58761e+07			9.91418e+06
163		1.79998e+07			2.03121e+07
164		2.03453e+07			1.728e+07
165		2.30529e+07			2.12527e+07
166		2.61504e+07			1.5949e+07
167		2.97102e+07			1.50948e+07
168		3.37533e+07			2.39528e+07
169		3.82734e+07			4.29517e+07
170		4.32722e+07			2.52568e+07
171		4.8893e+07			4.67457e+07
172		5.53949e+07			4.81708e+07
173		6.30091e+07			4.88805e+07
174		7.15471e+07			9.54896e+07
175		8.12647e+07			5.49099e+07
176		9.18867e+07			6.25483e+07
177		1.04151e+08			2.15525e+08
178		1.17779e+08			1.70107e+08
179		1.33909e+08			5.41118e+07
180		1.51796e+08			7.16987e+08
181		1.72747e+08			1.38755e+08
182		1.95404e+08			1.43895e+08
183		2.21687e+08			1.36733e+08
184		2.50208e+08			2.71765e+08
185		2.84157e+08			2.76799e+08
186		3.22121e+08			2.99981e+08
187		3.66563e+08			2.24722e+09
188		4.15209e+08			4.86184e+08
189		4.70798e+08			3.68173e+08
190		5.32692e+08			2.2352e+08
191		6.03764e+08			4.16427e+08
192		6.84903e+08			6.30263e+08
193		7.77612e+08			7.68596e+08
194		8.82784e+08			5.78858e+08
195		1.00097e+09			1.4893e+09
196		1.13339e+09			6.97215e+08

p28.pddl
bound		ida*-bfs (exp)		ss-bfs (exp)
18		1			1
30		2			2
31		4			4
33		6			5.98
35		8			7.84
37		10			7.42
39		12			8.56
40		13			14.6
41		15			14.6
42		16			15.24
43		23			24.32
44		27			27.2
45		39			31.04
46		49			47.88
47		68			60.1
48		84			99.45
49		108			139.5
50		130			162.7
51		160			114.4
52		191			244.8
53		229			206.6
54		266			221.1
55		321			222.82
56		380			184.26
57		475			1097.34
58		586			304.17
59		765			487.99
60		965			502.27
61		1263			1023.49
62		1584			534.61
63		2034			3857.6
64		2515			4517.5
65		3167			1478.74
66		3848			3899.44
67		4756			1031.68
68		5719			14577.6
69		7050			1686.88
70		8532			1631.2
71		10666			1524.16
72		13121			2529.04
73		16659			8814.28
74		20746			7734.76
75		26624			7459.24
76		33207			15706.1
77		43072			7852
78		53282			170299
79		70995			72700.8
80		86288			41195
81		124133			50171.8
82		147018			41604.8
83		250061			40127.1
84		285360			55910.4
85		626233			382355
86		682610			399501
87		1.93783e+06			1.88372e+06
88		2.03099e+06			2.55273e+06
89		6.88364e+06			523301
90		7.0458e+06			1.04634e+07
91		2.61973e+07			1.65557e+07
92		2.65126e+07			2.26494e+07
93		1.02743e+08			8.58749e+07
94		1.03493e+08			1.52297e+08
95		4.07971e+08			1.57027e+09
96		4.10232e+08			1.59049e+08
97		1.62802e+09			1.94437e+09
98		1.63613e+09			3.25384e+08

p23.pddl
bound		ida*-bfs (exp)		ss-bfs (exp)
322		17			17
324		150			150.37
326		1045			1025.5
328		6422			6354.42
330		36337			35809.3
332		194182			188569
334		995925			980385
336		4.95369e+06			5.09846e+06
338		2.40631e+07			2.47803e+07
340		1.14711e+08			1.05865e+08
342		5.38518e+08			5.18243e+08
344		2.49611e+09			2.38032e+09
346		1.14459e+10			1.20408e+10

p21.pddl
bound		ida*-bfs (exp)		ss-bfs (exp)
4		1			1
162		13			12.84
164		49			54.28
166		193			211.8
168		769			830.12
170		3073			2582.12
172		12289			11797.6
174		49153			56033.7
176		196609			200541
178		786433			896533
180		3.14573e+06			2.32784e+06
182		1.25829e+07			1.30862e+07
184		5.03316e+07			5.13383e+07
186		2.01327e+08			2.01327e+08
188		8.05306e+08			7.73094e+08
190		3.22123e+09			3.28565e+09
192		1.28849e+10			1.1081e+10

p03.pddl
bound		ida*-bfs (exp)		ss-bfs (exp)
88		30			30.49
90		375			381.49
92		3593			3608.41
94		30396			30568.9
96		239978			239976
98		1.81668e+06			1.78595e+06
100		1.33886e+07			1.28105e+07
102		9.69557e+07			9.0527e+07
104		6.94018e+08			6.95531e+08
106		4.92978e+09			4.90763e+09

p24.pddl
bound		ida*-bfs (exp)		ss-bfs (exp)
188		25			22.76
190		295			284.12
192		2877			2921.68
194		26515			24336.1
196		239929			218575
198		2.15954e+06			2.27726e+06
200		1.94162e+07			1.83392e+07
202		1.74585e+08			1.92456e+08
204		1.5703e+09			1.82048e+09
206		1.41275e+10			1.46976e+10

p09.pddl
bound		ida*-bfs (exp)		ss-bfs (exp)
20		1			1
22		3			3
24		5			5
26		7			7
28		9			9
30		11			11
32		13			13
33		15			15
34		17			17
35		28			27.4
36		30			30.1
37		61			59.3
38		64			63.8
39		136			140.83
40		146			144.77
41		341			361.88
42		385			389.31
43		1030			990.82
44		1205			1191.39
45		3596			3716.73
46		4268			5163.35
47		13589			18114
48		16227			11399.7
49		53216			49001.8
50		63670			38494.1
51		211286			188805
52		252936			158785
53		843036			409389
54		1.00946e+06			986423
55		3.36955e+06			1.37765e+06
56		4.03598e+06			2.28416e+06
57		1.34765e+07			1.17676e+07
58		1.61486e+07			1.72695e+07
59		5.3914e+07			2.38823e+07
60		6.46332e+07			3.8779e+07
61		2.15721e+08			1.45109e+08
62		2.58732e+08			2.52922e+08

p08.pddl
bound		ida*-bfs (exp)		ss-bfs (exp)
18		1			1
32		3			3
33		4			4
34		7			7
36		9			9.16
38		12			10.8
40		15			13.72
42		18			17.8
43		19			12.2
44		22			24.04
45		25			22.6
46		36			32.8
47		43			48.9
48		64			62.6
49		71			71.4
50		103			109
51		109			120.8
52		152			153.8
53		159			168.7
54		219			217.7
55		228			198.6
56		308			250.9
57		329			248.4
58		439			412.1
59		489			415.5
60		682			731
61		829			973.2
62		1218			1045.7
63		1691			1454.4
64		2580			2509.1
65		4236			5493.5
66		6833			5292.6
67		13040			12662.4
68		22004			23473.1
69		46218			42123.2
70		80080			88786.2
71		176006			226454
72		308709			224553
73		691149			749786
74		1.21837e+06			2.42099e+06
75		2.74692e+06			3.12375e+06
76		4.85144e+06			4.99411e+06
77		1.09661e+07			6.47009e+06
78		1.93817e+07			3.65964e+06
79		4.38513e+07			1.21679e+08
80		7.75376e+07			7.981e+07
81		1.75482e+08			1.74069e+08
82		3.10475e+08			2.39835e+08
83		7.02607e+08			3.83924e+08
84		1.24471e+09			4.51464e+08

p16.pddl
bound		ida*-bfs (exp)		ss-bfs (exp)
14		1			1
29		2			2
30		3			3
35		4			4
37		5			5
38		7			7
39		8			8
42		9			9
43		11			11.17
44		15			14.44
45		17			17.44
46		19			19.98
47		20			20.24
48		22			23.54
49		23			25.22
50		26			26.34
51		30			25
53		40			42.04
54		47			42.22
55		49			49.06
56		51			49.6
57		53			55.9
58		62			59.32
59		75			63.28
60		86			80.74
61		95			104.86
62		108			109
63		123			127.72
64		140			119.8
65		156			150.4
66		180			186.76
67		203			232.84
68		235			241.48
69		276			254.98
70		304			273.16
71		334			303.4
72		374			430.84
73		413			376.48
74		482			532.72
75		532			733.6
76		599			616.42
77		690			797.68
78		783			722.44
79		890			992.26
80		1015			646.84
81		1141			925.66
82		1288			963.64
83		1502			2711.44
84		1660			1114.3
85		1872			1075.06
86		2101			2865.88
87		2429			2278
88		2746			2632.24
89		3060			3099.52
90		3406			3765.52
91		3789			3549.16
92		4326			4554.82
93		5001			2683.72
94		5701			4228.48
95		6565			6700.06
96		7387			5728.78
97		8346			10384.7
98		9532			9447.94
99		10789			9731.44
100		12148			11988.6
101		13992			7220.08
102		15931			23381.2
103		18134			16424.6
104		20485			21496.8
105		22838			23884.1
106		25586			33877.9
107		28820			30473.4
108		32894			17216.7
109		37700			40853.8
110		42994			49830
111		49046			46474.8
112		55439			47655.6
113		62575			44122.8
114		70840			224315
115		81057			58158.3
116		93216			125602
117		106466			176899
118		120703			126410
119		136722			106516
120		154461			115850
121		173587			105997
122		197385			243089
123		223848			210931
124		254646			258339
125		290586			148082
126		330908			613335
127		375847			382100
128		424983			760856
129		482988			282539
130		551397			633798
131		630865			417251
132		720862			1.2919e+06
133		822011			433472
134		928583			848254
135		1.0506e+06			381055
136		1.19148e+06			785841
137		1.36014e+06			892589
138		1.54832e+06			873910
139		1.76137e+06			3.77867e+06
140		1.99702e+06			850363
141		2.26539e+06			1.01241e+06
142		2.56961e+06			1.51188e+06
143		2.93865e+06			2.5627e+06
144		3.35464e+06			3.15531e+06
145		3.82288e+06			8.668e+06
146		4.35415e+06			2.99642e+06
147		4.95691e+06			2.95044e+06
148		5.64213e+06			1.73992e+06
149		6.41864e+06			3.19021e+06
150		7.3073e+06			1.03808e+07
151		8.3121e+06			3.11542e+06
152		9.47132e+06			1.09204e+07
153		1.07815e+07			7.22166e+06
154		1.2286e+07			1.22822e+07
155		1.39474e+07			6.75701e+06
156		1.58372e+07			7.73279e+06
157		1.79915e+07			7.72825e+06
158		2.05241e+07			3.7053e+07
159		2.34282e+07			3.17308e+07
160		2.67589e+07			4.89639e+07
161		3.05191e+07			2.23879e+07
162		3.4726e+07			3.98758e+07
163		3.94019e+07			1.00704e+08
164		4.48255e+07			1.88123e+07
165		5.11897e+07			5.16535e+07
166		5.84618e+07			1.71941e+07
167		6.67604e+07			1.44466e+08
168		7.59981e+07			6.21863e+07
169		8.63805e+07			2.87167e+07
170		9.80397e+07			1.22556e+08
171		1.11714e+08			3.16386e+07
172		1.27385e+08			3.65248e+07
173		1.45442e+08			1.14637e+08
174		1.6572e+08			6.03613e+07
175		1.89061e+08			8.10248e+07
176		2.15231e+08			8.8026e+07
177		2.45121e+08			1.27578e+08
178		2.79125e+08			1.04061e+08
179		3.18353e+08			1.87922e+08
180		3.63118e+08			2.44532e+08
181		4.14453e+08			1.81337e+08
182		4.72994e+08			3.0899e+08
183		5.39015e+08			2.18212e+08
184		6.13657e+08			2.21542e+08
185		6.98433e+08			2.49095e+08
186		7.96135e+08			2.93198e+08
187		9.07392e+08			3.84344e+08
188		1.03628e+09			1.04243e+09
189		1.18253e+09			6.18595e+08

p11.pddl
bound		ida*-bfs (exp)		ss-bfs (exp)
4		1			1
34		3			3
64		7			7
94		15			15
124		31			31
154		63			63
170		65			71
184		129			126.52
200		133			120.76
214		261			183.16
215		271			282.76
217		307			281.52
219		451			381.28
221		1027			1152.8
223		3331			2759.64
225		12547			12090.5
227		49411			57324.3
229		196867			236170
230		196875			236222
231		786699			786615
233		3.146e+06			2.51676e+06
235		1.25832e+07			1.20798e+07
237		5.03319e+07			3.22125e+07
239		2.01327e+08			1.85221e+08
241		8.05307e+08			9.01943e+08
243		3.22123e+09			3.47892e+09
244		3.22123e+09			3.09238e+09
245		1.28849e+10			1.28849e+10

p27.pddl
bound		ida*-bfs (exp)		ss-bfs (exp)
16		1			1
28		2			2
30		4			4
32		6			6
34		8			8
36		10			10
38		12			12
40		16			17.04
42		22			22.9
44		29			23.14
46		38			40.6
47		39			38.92
48		51			38
50		70			60.8
52		112			115.1
54		238			288.7
56		665			482
57		668			643.67
58		2262			3149.39
60		8483			10597.1
61		8484			6704.2
62		33184			21296.7
63		33186			35531.6
64		131910			118539
65		131915			154262
66		528115			284517
67		528122			853757
68		2.12707e+06			1.53212e+06
69		2.12709e+06			1.90994e+06
70		8.65352e+06			1.01578e+07
71		8.65355e+06			9.31034e+06
72		3.59394e+07			3.34338e+07
73		3.59395e+07			4.23209e+07
74		1.55711e+08			1.17423e+08
75		1.55711e+08			6.65091e+07
76		7.30454e+08			7.1456e+08
77		7.30454e+08			5.00934e+08

p02.pddl
bound		ida*-bfs (exp)		ss-bfs (exp)
107		26			26.7
109		309			311.42
111		2779			2758.06
113		22218			20952.8
115		168706			163500
117		1.25812e+06			1.32136e+06
119		9.3846e+06			7.99143e+06
121		7.06659e+07			6.68582e+07
123		5.38955e+08			5.3461e+08
125		4.1624e+09			4.18991e+09
126		4.1624e+09			3.87237e+09
