	Report:		ida*-bfs-vs-ss-bfs - using lmcut heuristic - 5000 probes.

blocks

probBLOCKS-5-2.pddl
bound		ida*-bfs (exp)		ss-bfs (exp)
9		1			1
10		2			2
11		4			4
12		7			6.992
13		15			14.9268
14		28			28.0012
15		77			78.3956
16		204			182.813

probBLOCKS-9-2.pddl
bound		ida*-bfs (exp)		ss-bfs (exp)
17		1			1
18		3			3
19		8			8.0036
20		22			21.8376
21		54			54.45
22		184			185.648
23		469			465.564
24		1946			1974.03
25		5217			5598.12
26		26768			25236.3

probBLOCKS-8-2.pddl
bound		ida*-bfs (exp)		ss-bfs (exp)
14		10			10.0832
15		39			37.858
16		421			410.662

probBLOCKS-6-0.pddl
bound		ida*-bfs (exp)		ss-bfs (exp)
11		2			2
12		19			19.33

probBLOCKS-4-2.pddl
bound		ida*-bfs (exp)		ss-bfs (exp)
6		8			7.9976

probBLOCKS-8-0.pddl
bound		ida*-bfs (exp)		ss-bfs (exp)
13		2			2
14		5			5
15		29			28.6376
16		109			107.176
17		466			468.564
18		2521			2464.16

probBLOCKS-4-1.pddl
bound		ida*-bfs (exp)		ss-bfs (exp)
6		1			1
7		3			3
8		5			5
9		10			10
10		26			26.1844

probBLOCKS-12-0.pddl
bound		ida*-bfs (exp)		ss-bfs (exp)
22		1			1
23		4			4
24		18			17.9938
25		53			52.969
26		251			251
27		758			759.938
28		3775			3813.49
29		14411			13585.7
30		68728			72797
31		383532			336301
32		1.64984e+06			1.49005e+06
33		1.26149e+07			9.39175e+06
34		5.0582e+07			5.16709e+07

probBLOCKS-5-0.pddl
bound		ida*-bfs (exp)		ss-bfs (exp)
8		2			2
9		7			7.0072
10		15			15.088
11		47			46.928
12		113			115.997

probBLOCKS-7-2.pddl
bound		ida*-bfs (exp)		ss-bfs (exp)
12		1			1
13		3			3
14		12			12.0156
15		27			27.0396
16		94			94.65
17		223			224.034
18		805			829.976
19		2102			2153.39
20		8768			9323.13

probBLOCKS-5-1.pddl
bound		ida*-bfs (exp)		ss-bfs (exp)
7		2			2
8		4			4
9		14			14
10		55			54.635

probBLOCKS-12-1.pddl
bound		ida*-bfs (exp)		ss-bfs (exp)
22		1			1
23		3			3
24		9			9
25		21			21.0516
26		66			65.8128
27		160			160.984
28		569			579.998
29		1470			1479.83
30		6079			6109.65
31		16976			17508.7
32		82805			77287.5
33		255693			253746
34		1.49834e+06			1.39125e+06

probBLOCKS-7-1.pddl
bound		ida*-bfs (exp)		ss-bfs (exp)
12		1			1
13		3			3
14		8			7.9572
15		21			21.0152
16		60			60.2632
17		157			157.737
18		564			559.074
19		1511			1536.43
20		7540			7597.9
21		21140			21580.1
22		131794			126921

probBLOCKS-8-1.pddl
bound		ida*-bfs (exp)		ss-bfs (exp)
13		2			2
14		9			8.9688
15		42			41.8858
16		182			181.152
17		815			803.737
18		3440			3373.51
19		17354			16946
20		71950			70029.9

probBLOCKS-6-2.pddl
bound		ida*-bfs (exp)		ss-bfs (exp)
11		1			1
12		2			2
13		4			4
14		9			8.9264
15		17			16.8316
16		52			51.2368
17		106			107.199
18		415			419.482
19		987			1005.1
20		4387			4311.05

probBLOCKS-4-0.pddl
bound		ida*-bfs (exp)		ss-bfs (exp)
6		10			8.0108

probBLOCKS-7-0.pddl
bound		ida*-bfs (exp)		ss-bfs (exp)
13		1			1
14		3			3
15		5			5
16		12			12
17		21			20.956
18		58			58.013
19		124			123.685
20		448			447.114

probBLOCKS-10-2.pddl
bound		ida*-bfs (exp)		ss-bfs (exp)
19		1			1
20		3			3
21		8			8.006
22		18			17.9312
23		48			48.8192
24		113			112.36
25		358			371.118
26		925			921.21
27		3526			3489.46
28		10408			10122.4
29		46288			52679.1
30		164148			155258
31		816718			910728
32		3.54162e+06			4.32437e+06
33		1.87863e+07			2.41804e+07
34		9.56621e+07			7.20887e+07

probBLOCKS-6-1.pddl
bound		ida*-bfs (exp)		ss-bfs (exp)
10		19			19.8274

probBLOCKS-11-1.pddl
bound		ida*-bfs (exp)		ss-bfs (exp)
20		4			4
21		9			9
22		55			54.8924
23		186			186.548
24		1022			1019.09
25		4085			4062.85
26		22066			22376.9
27		102342			101478
28		564763			551868
29		2.9654e+06			2.91292e+06
30		1.72183e+07			1.88254e+07

probBLOCKS-10-1.pddl
bound		ida*-bfs (exp)		ss-bfs (exp)
19		1			1
20		3			3
21		11			11.0016
22		25			25.0872
23		92			91.9824
24		226			229.643
25		900			909.731
26		2500			2524.31
27		10761			11143.6
28		33774			34509.3
29		155907			158622
30		550969			586096
31		2.71071e+06			2.67091e+06
32		1.09385e+07			1.08282e+07

probBLOCKS-9-0.pddl
bound		ida*-bfs (exp)		ss-bfs (exp)
16		1			1
17		3			3
18		8			7.988
19		18			18.0356
20		49			49.7152
21		114			113.574
22		366			364.364
23		908			928.188
24		3334			3439.48
25		8822			9130.45
26		34813			35740.7
27		99120			100904
28		401347			390181
29		1.24814e+06			1.26421e+06
30		5.07967e+06			5.32055e+06

probBLOCKS-9-1.pddl
bound		ida*-bfs (exp)		ss-bfs (exp)
16		1			1
17		2			2
18		3			3
19		6			6
20		9			9
21		20			20.019
22		33			33.111
23		88			88.3638
24		167			166.969
25		536			541.847
26		1222			1272.97
27		4562			4998.96
28		14228			14863.5
