	Report:		ida*-bfs-vs-ss-bfs - using ipdb heuristic - 1 probe.

blocks

probBLOCKS-5-2.pddl
bound		ida*-bfs (exp)		ss-bfs (exp)
8		2			2
10		7			6
12		29			18
14		170			50
15		177			50
16		1497			146

probBLOCKS-9-2.pddl
bound		ida*-bfs (exp)		ss-bfs (exp)
16		3			3
18		16			11
19		18			11
20		98			93
21		118			93
22		793			381
23		987			381
24		9115			767
25		11097			767
26		193819			2303

probBLOCKS-8-2.pddl
bound		ida*-bfs (exp)		ss-bfs (exp)
14		82			25
15		84			6
16		4261			431

probBLOCKS-6-0.pddl
bound		ida*-bfs (exp)		ss-bfs (exp)
10		6			6
11		7			7
12		70			57

probBLOCKS-4-2.pddl
bound		ida*-bfs (exp)		ss-bfs (exp)
6		10			3

probBLOCKS-8-0.pddl
bound		ida*-bfs (exp)		ss-bfs (exp)
12		5			7
13		7			10
14		113			74
15		150			99
16		2316			2949
17		3051			3673
18		47413			205512

probBLOCKS-4-1.pddl
bound		ida*-bfs (exp)		ss-bfs (exp)
4		1			1
5		2			2
6		4			4
7		6			6
8		12			10
9		17			14
10		48			30

probBLOCKS-5-0.pddl
bound		ida*-bfs (exp)		ss-bfs (exp)
6		3			3
7		4			4
8		16			10
9		20			14
10		79			71
11		98			88
12		464			822

probBLOCKS-7-2.pddl
bound		ida*-bfs (exp)		ss-bfs (exp)
10		3			3
12		29			27
14		256			189
16		2260			1161
17		2269			1161
18		20469			6993
19		20730			6993
20		201387			57861

probBLOCKS-5-1.pddl
bound		ida*-bfs (exp)		ss-bfs (exp)
6		3			3
7		5			5
8		25			16
9		37			37
10		199			178

probBLOCKS-11-2.pddl
bound		ida*-bfs (exp)		ss-bfs (exp)
16		2			2
18		13			11
20		96			67
22		808			405
23		816			1801
24		7581			21797
25		7743			21797
26		79821			135413
27		82829			124307
28		989930			1.97855e+06
29		1.0491e+06			2.16895e+06
30		1.54211e+07			2.98775e+06
31		1.66549e+07			2.93012e+06
32		3.08102e+08			4.17445e+07
33		3.35076e+08			5.13314e+07
34		7.54899e+09			6.07118e+08

probBLOCKS-12-1.pddl
bound		ida*-bfs (exp)		ss-bfs (exp)
22		3			3
24		21			15
25		23			21
26		165			165
27		186			129
28		1621			777
29		1855			777
30		20625			20901
31		23635			20901
32		389465			248997
33		434440			27993
34		1.41259e+07			167961

probBLOCKS-7-1.pddl
bound		ida*-bfs (exp)		ss-bfs (exp)
10		2			2
12		15			11
14		97			81
15		99			83
16		644			491
17		668			515
18		5015			3947
19		5324			3275
20		57370			17267
21		62437			18971
22		1.05948e+06			184211

probBLOCKS-8-1.pddl
bound		ida*-bfs (exp)		ss-bfs (exp)
10		5			7
11		7			10
12		94			129
13		127			169
14		1498			1591
15		2001			1007
16		23355			8953
17		30577			11049
18		380001			147465
19		482629			565771
20		6.71614e+06			6.50107e+06

probBLOCKS-6-2.pddl
bound		ida*-bfs (exp)		ss-bfs (exp)
10		2			2
12		6			6
13		7			8
14		23			38
15		29			48
16		154			378
17		198			488
18		1948			938
19		2448			1188
20		32649			9438

probBLOCKS-10-0.pddl
bound		ida*-bfs (exp)		ss-bfs (exp)
18		5			3
20		38			31
22		327			215
24		3502			3431
25		3505			3431
26		46122			18503
27		46493			18503
28		770552			107591
29		796776			41191
30		1.70839e+07			130087
31		1.8525e+07			130087
32		4.87578e+08			404263
33		5.56401e+08			6.36584e+06
34		1.62797e+10			3.4593e+07

probBLOCKS-4-0.pddl
bound		ida*-bfs (exp)		ss-bfs (exp)
6		7			7

probBLOCKS-7-0.pddl
bound		ida*-bfs (exp)		ss-bfs (exp)
12		1			1
13		2			2
14		5			4
15		7			6
16		21			10
17		27			38
18		133			818
19		160			818
20		1753			5318

probBLOCKS-10-2.pddl
bound		ida*-bfs (exp)		ss-bfs (exp)
18		3			3
20		18			11
22		119			35
23		120			129
24		1149			777
25		1212			777
26		16896			3111
27		19211			3111
28		362011			23847
29		437903			2145
30		1.04763e+07			4449
31		1.30125e+07			4449
32		3.64288e+08			11361
33		4.52207e+08			1.28702e+06
34		1.37079e+10			1.13647e+07

probBLOCKS-6-1.pddl
bound		ida*-bfs (exp)		ss-bfs (exp)
10		65			105

probBLOCKS-11-1.pddl
bound		ida*-bfs (exp)		ss-bfs (exp)
20		23			57
21		28			5
22		1315			345
23		1618			425
24		69606			17465
25		86557			20637
26		3.51914e+06			249145
27		4.40907e+06			294505
28		1.72089e+08			2.24886e+08
29		2.15908e+08			2.88547e+08
30		8.24758e+09			6.64757e+09

probBLOCKS-10-1.pddl
bound		ida*-bfs (exp)		ss-bfs (exp)
18		3			3
20		28			21
22		281			165
24		3574			2259
26		59308			13923
27		59573			13923
28		1.24711e+06			75081
29		1.27009e+06			75081
30		3.26303e+07			281145
31		3.40564e+07			281145
32		1.06758e+09			6.04125e+06

probBLOCKS-9-0.pddl
bound		ida*-bfs (exp)		ss-bfs (exp)
14		3			3
16		18			21
18		118			165
20		989			1893
22		10038			13557
24		115684			106869
26		1.4694e+06			2447
27		1.47066e+06			2447
28		2.07445e+07			14735
29		2.08679e+07			7227
30		3.40274e+08			80955

probBLOCKS-9-1.pddl
bound		ida*-bfs (exp)		ss-bfs (exp)
14		1			1
16		3			3
18		9			10
20		34			31
22		183			67
24		1352			283
25		1377			283
26		13278			850
27		14012			850
28		179863			6952
