	Report:		ida*-bfs-vs-ss-bfs - using ipdb heuristic - 1 probe.

parking-opt11-strips

pfile08-029.pddl
bound		ida*-bfs (exp)		ss-bfs (exp)
21		2			2
22		41			94
23		1072			674
24		27106			14418
25		678209			495800
26		1.67729e+07			1.39108e+07

pfile05-018.pddl
bound		ida*-bfs (exp)		ss-bfs (exp)
14		2			2
15		44			189
16		999			482
17		21077			74392
18		416444			227837
19		7.95364e+06			2.74804e+06
20		1.47668e+08			3.62869e+07

pfile07-027.pddl
bound		ida*-bfs (exp)		ss-bfs (exp)
20		2			2
21		57			58
22		1289			934
23		28848			33914
24		637863			310865
25		1.40456e+07			9.62875e+06

pfile06-023.pddl
bound		ida*-bfs (exp)		ss-bfs (exp)
16		1			1
17		21			17
18		462			277
19		10437			4603
20		227587			75907
21		4.77978e+06			8.05586e+06
22		9.69391e+07			8.56956e+07

pfile08-030.pddl
bound		ida*-bfs (exp)		ss-bfs (exp)
22		3			3
23		113			122
24		3367			----zero_info----
25		92930			69532
26		2.46554e+06			2.35224e+06
27		6.38168e+07			6.90636e+07

pfile07-028.pddl
bound		ida*-bfs (exp)		ss-bfs (exp)
20		1			1
21		28			41
22		681			1161
23		16387			8421
24		388237			328421
25		9.07834e+06			1.44388e+07

pfile05-019.pddl
bound		ida*-bfs (exp)		ss-bfs (exp)
16		1			1
17		15			9
18		305			137
19		5989			2185
20		113023			229513
21		2.097e+06			1.61255e+06
22		3.81276e+07			1.93011e+07
23		6.82969e+08			2.05661e+08

pfile06-021.pddl
bound		ida*-bfs (exp)		ss-bfs (exp)
17		3			3
18		86			66
19		2517			2114
20		64194			31061
21		1.53716e+06			1.56596e+06
22		3.47298e+07			1.14414e+07
23		7.52034e+08			9.65804e+08

pfile03-011.pddl
bound		ida*-bfs (exp)		ss-bfs (exp)
8		1			1
9		9			8
10		88			196
11		824			627
12		7675			13070
13		73959			53803
14		705194			897730

pfile07-026.pddl
bound		ida*-bfs (exp)		ss-bfs (exp)
19		3			3
20		112			135
21		3782			3091
22		112709			193238
23		3.08247e+06			2.43614e+06
24		7.96148e+07			1.98878e+07

pfile05-017.pddl
bound		ida*-bfs (exp)		ss-bfs (exp)
15		2			2
16		33			31
17		750			1457
18		15945			14245
19		317705			183049
20		6.0744e+06			3.60675e+06
21		1.11936e+08			7.83807e+07

pfile03-012.pddl
bound		ida*-bfs (exp)		ss-bfs (exp)
12		1			1
13		10			7
14		181			205
15		2790			9151
16		40452			109807
17		559487			165103
18		7.42186e+06			2.08491e+06
19		9.59479e+07			6.56947e+07
20		1.21158e+09			6.81057e+08

pfile06-024.pddl
bound		ida*-bfs (exp)		ss-bfs (exp)
17		1			1
18		40			49
19		1327			1255
20		36497			39847
21		882357			1.41596e+06
22		1.94712e+07			7.50864e+06
23		4.04024e+08			1.73948e+08

pfile06-022.pddl
bound		ida*-bfs (exp)		ss-bfs (exp)
18		1			1
19		30			19
20		727			343
21		17354			13627
22		391954			543241
23		8.54093e+06			4.39268e+06
24		1.8079e+08			1.07479e+08

pfile04-014.pddl
bound		ida*-bfs (exp)		ss-bfs (exp)
13		1			1
14		17			43
15		251			178
16		3781			1314
17		52616			25657
18		725676			832869
19		9.75315e+06			1.15223e+07
20		1.30162e+08			3.12182e+08
21		1.72073e+09			2.3331e+09

pfile05-020.pddl
bound		ida*-bfs (exp)		ss-bfs (exp)
16		5			5
17		110			187
18		1932			1367
19		32232			35457
20		529617			398161
21		8.63305e+06			3.61857e+06
22		1.40374e+08			1.54895e+08

pfile04-015.pddl
bound		ida*-bfs (exp)		ss-bfs (exp)
13		2			2
14		30			27
15		554			275
16		9398			8069
17		155074			886299
18		2.46534e+06			4.50214e+06
19		3.85537e+07			1.46706e+07

pfile07-025.pddl
bound		ida*-bfs (exp)		ss-bfs (exp)
20		1			1
21		29			11
22		1152			581
23		35657			30201
24		1.01507e+06			1.16043e+06
25		2.70094e+07			7.93021e+06

pfile04-013.pddl
bound		ida*-bfs (exp)		ss-bfs (exp)
14		1			1
15		18			15
16		323			407
17		5183			2955
18		83069			41371
19		1.2925e+06			579195
20		1.98186e+07			8.10873e+06

pfile04-016.pddl
bound		ida*-bfs (exp)		ss-bfs (exp)
12		2			2
13		33			18
14		567			767
15		8713			21951
16		126199			94694
17		1.77248e+06			1.42369e+06
18		2.42049e+07			5.7841e+07
19		3.26594e+08			4.4412e+08

Files that contains zero_info:
pfile08-030.pddl
