1               0.60
1               0.42
1               0.67
1               0.84
1               2.02
1               0.53
0                  0
1               0.58
1               0.03
1               0.00
1               0.17
1               0.17
1               0.43
1               0.35
1               0.41
1             300.86
1               0.55
1               0.63
1               0.12
1               0.89
1               1.28
10              0.45
10              0.17
10              0.48
10              0.42
10              0.62
10              0.26
0                  0
10              0.04
10              0.03
10              0.00
10              0.04
10              0.04
10              0.25
10              0.22
10              0.26
10           1072.40
10              0.36
10              0.54
10              0.04
10              0.57
10              0.69
100             0.20
100             0.06
100             0.21
100             0.23
100             0.40
100             0.07
0                  0
100             0.10
100             0.10
100             0.00
100             0.01
100             0.02
100            18.63
100             0.09
100             0.11
100             5.88
100             0.27
100             0.24
100             0.01
100             0.35
100             0.27
1000            0.07
1000            0.03
1000            0.13
1000            0.13
1000            0.14
1000            0.03
0                  0
1000            0.10
1000            0.10
1000            0.00
1000            0.00
1000            0.01
1000            0.02
1000            0.05
1000            0.05
1000            0.01
1000            0.13
1000            0.15
1000            0.00
1000            0.13
1000            0.17
5000            0.04
5000            0.01
5000            0.48
5000            0.14
5000            0.11
5000            0.01
0                  0
5000            0.22
5000            0.24
5000            0.00
5000            0.00
5000            0.00
5000            0.04
5000            0.03
5000            0.04
5000            0.04
5000            0.10
5000            0.11
5000            0.00
5000            0.07
5000            0.07
