0                  0
1              4.789
1              8.909
1             13.495
0                  0
1           1429.530
0                  0
1              0.376
1              0.316
1              0.040
1              3.584
1              1.515
1              1.353
1              0.112
1              0.073
1              1.759
1              0.000
0                  0
1              1.136
1              2.541
1              3.093
0                  0
10             3.543
10             5.724
10             9.043
0                  0
10             1.759
0                  0
10             0.301
10             0.449
10             0.011
10             1.488
10             0.662
10            49.072
10             0.026
10             0.001
10             0.637
10             0.000
0                  0
10             0.784
10             0.950
10             1.808
0                  0
100            1.678
100            4.030
100            3.898
0                  0
100            1.065
0                  0
100            0.279
100            0.457
100            0.006
100            0.399
100            0.342
100            0.167
100            0.005
100            0.004
100            0.416
100            0.000
0                  0
100            0.234
100            0.384
100            0.354
0                  0
1000           0.742
1000           1.583
1000           2.846
0                  0
1000           0.475
0                  0
1000           0.293
1000           0.442
1000           0.000
1000           0.135
1000           0.327
1000           0.342
1000           0.004
1000           0.002
1000           0.096
1000           0.000
0                  0
1000           0.075
1000           0.092
1000           0.248
0                  0
5000           0.485
5000           1.183
5000           1.771
0                  0
5000           0.167
0                  0
5000           0.290
5000           0.437
5000           0.077
5000           0.288
5000           0.376
5000           0.036
5000           0.003
5000           0.001
5000           0.036
5000           0.000
0                  0
5000           0.055
5000           0.054
5000           0.116
