	Experiment 1: Global Information of heuristics

	                                                           hmax
                                   1                10               100              1000              5000                  
Domain                  |  ss-err    ss-t||  ss-err    ss-t||  ss-err    ss-t||  ss-err    ss-t||  ss-err    ss-t||          ida*          time|

barman-opt11-strips         0.597    0.058    0.446    0.325    0.200    3.214    0.069   32.571    0.037  214.589    8835990.000       6016.380
blocks                      0.423    0.017    0.172    0.102    0.061    1.064    0.027   10.864    0.012   65.968   28510300.000       3030.970
elevators-opt08-strips      0.668    1.607    0.481   11.127    0.205  110.376    0.132 1140.050    0.484 3012.950     923397.000       4795.090
elevators-opt11-strips      0.836    1.401    0.423    9.850    0.233   96.371    0.132  994.331    0.143 4223.730     966309.000       4759.720
floortile-opt11-strips      2.021    0.009    0.617    0.069    0.403    0.693    0.136    6.928    0.110   36.597   30522300.000       3919.720
nomystery-opt11-strips      0.529    0.065    0.263    0.376    0.071    3.626    0.025   36.349    0.013  181.031    6565740.000       3256.860
openstacks-opt08-adl          ---      ---      ---      ---      ---      ---      ---      ---      ---      ---            ---            ---
openstacks-opt08-strips     0.581   82.204    0.043  800.369    0.097 1260.880    0.09912368.900    0.223 9594.930      73087.300       2669.550
openstacks-opt11-strips     0.028   94.789    0.026  774.855    0.102  991.567    0.09810148.400    0.242 8779.800      62942.400       3156.360
parcprinter-opt11-strips    0.000    0.005    0.000    0.035    0.000    0.348    0.000    3.484    0.000   17.286          1.000          0.000
parking-opt11-strips        0.168    1.789    0.035   11.362    0.012  114.278    0.003 1196.830    0.002 5835.030     374925.000       5607.500
pegsol-opt11-strips         0.173    0.015    0.043    0.039    0.017    0.367    0.008    3.695    0.003   17.878      68763.700          4.999
scanalyzer-opt11-strips     0.425    3.134    0.247   28.787   18.633  273.742    0.020 3033.060    0.03710021.000    8257850.000       4808.750
sokoban-opt08-strips        0.353    0.271    0.223    1.952    0.092   20.238    0.049  214.011    0.029  965.405    2657890.000       3385.950
sokoban-opt11-strips        0.407    0.306    0.256    2.000    0.109   21.420    0.050  222.475    0.036 1056.610    3118530.000       3932.690
tidybot-opt11-strips      300.863    4.395 1072.400   26.480    5.876  238.758    0.013 2747.100    0.03711572.900     431336.000       5465.620
transport-opt08-strips      0.550    0.334    0.356    2.568    0.270   23.114    0.131  236.725    0.103 1363.040    1462640.000        957.415
transport-opt11-strips      0.626    0.093    0.544    0.606    0.238    5.889    0.148   59.372    0.111  290.311    2622880.000       2253.510
visitall-opt11-strips       0.116    0.004    0.038    0.052    0.012    0.557    0.005    5.774    0.002   28.066   71032400.000       3704.780
woodworking-opt08-strips    0.891    0.157    0.568    1.440    0.350   13.943    0.130  140.826    0.068  685.863    4170080.000       4055.030
woodworking-opt11-strips    1.284    0.150    0.687    1.327    0.273   13.211    0.175  130.819    0.070  664.077    5139070.000       4944.760
