	Report:		ida*-bfs-vs-ss-bfs - using hmax heuristic - 1 probe.

blocks

probBLOCKS-15-0.pddl
bound		ida*-bfs (exp)		ss-bfs (exp)
7		1			1
8		7			7
9		62			62
10		393			317
11		3110			2846
12		19126			9980
13		144630			183951
14		929372			332089
15		6.54968e+06			6.97141e+06
16		4.65705e+07			----zero_info----
17		2.99296e+08			2.09843e+08

probBLOCKS-16-2.pddl
bound		ida*-bfs (exp)		ss-bfs (exp)
15		1			1
16		4			4
17		15			14
18		58			48
19		250			197
20		1202			711
21		6408			4356
22		37502			26917
23		238667			132919
24		1.63543e+06			1.94423e+06
25		1.19203e+07			1.02494e+07
26		9.11146e+07			8.12779e+07

probBLOCKS-5-2.pddl
bound		ida*-bfs (exp)		ss-bfs (exp)
6		1			1
7		3			3
8		7			7
9		18			16
10		43			37
11		149			198
12		348			209
13		1482			2159
14		3582			1251
15		16187			7942
16		42071			7709

probBLOCKS-9-2.pddl
bound		ida*-bfs (exp)		ss-bfs (exp)
9		1			1
10		4			4
11		14			15
12		52			66
13		212			356
14		944			2236
15		4366			7739
16		22337			15434
17		109283			52079
18		570611			205056
19		3.04172e+06			1.26661e+06
20		1.47372e+07			1.32795e+07
21		8.90116e+07			4.96223e+07
22		3.82704e+08			6.73362e+07

probBLOCKS-8-2.pddl
bound		ida*-bfs (exp)		ss-bfs (exp)
5		1			1
6		7			7
7		56			53
8		282			252
9		2012			1009
10		7713			8536
11		59229			103338
12		189873			183480
13		1.59743e+06			1.36471e+06
14		4.5786e+06			2.71029e+06
15		4.16095e+07			1.79404e+07
16		1.11177e+08			2.33352e+07

probBLOCKS-6-0.pddl
bound		ida*-bfs (exp)		ss-bfs (exp)
4		1			1
6		7			7
7		15			21
8		51			39
9		178			255
10		507			18
11		2383			3847
12		6488			7781

probBLOCKS-4-2.pddl
bound		ida*-bfs (exp)		ss-bfs (exp)
3		1			1
4		4			4
5		12			12
6		50			56

probBLOCKS-8-0.pddl
bound		ida*-bfs (exp)		ss-bfs (exp)
4		1			1
6		17			13
7		47			89
8		267			381
9		1209			1345
10		4770			8941
11		29180			52413
12		94565			9477
13		703899			20773
14		2.0286e+06			115285
15		1.71776e+07			221861
16		4.60757e+07			1.96984e+08
17		4.24936e+08			7.11528e+08
18		1.09013e+09			1.93616e+09

probBLOCKS-4-1.pddl
bound		ida*-bfs (exp)		ss-bfs (exp)
5		1			1
6		3			3
7		7			7
8		17			18
9		41			45
10		124			164

probBLOCKS-13-0.pddl
bound		ida*-bfs (exp)		ss-bfs (exp)
10		1			1
11		5			5
12		26			26
13		130			118
14		696			642
15		3935			3923
16		22940			24483
17		140606			173543
18		883583			1.14664e+06
19		5.41788e+06			8.7409e+06
20		3.72406e+07			3.09514e+07
21		2.17259e+08			1.43261e+08

probBLOCKS-11-0.pddl
bound		ida*-bfs (exp)		ss-bfs (exp)
8		1			1
9		5			5
10		27			26
11		137			158
12		688			582
13		3697			4707
14		20253			9871
15		105994			59211
16		658056			176800
17		3.29165e+06			1.31707e+06
18		2.25382e+07			9.8475e+06
19		1.11755e+08			4.54711e+07

probBLOCKS-12-0.pddl
bound		ida*-bfs (exp)		ss-bfs (exp)
10		1			1
11		5			5
12		26			26
13		130			128
14		696			670
15		3935			2625
16		22949			10765
17		140792			51041
18		885578			193510
19		5.45654e+06			1.51192e+06
20		3.74505e+07			1.42494e+07
21		2.21621e+08			1.53924e+08

probBLOCKS-13-1.pddl
bound		ida*-bfs (exp)		ss-bfs (exp)
12		1			1
13		4			4
14		15			14
15		58			64
16		250			360
17		1201			1348
18		6364			16359
19		36448			26440
20		220924			239751
21		1.42258e+06			630369
22		9.33543e+06			1.25944e+06
23		6.27376e+07			4.46584e+07
24		4.44318e+08			1.07683e+08

probBLOCKS-5-0.pddl
bound		ida*-bfs (exp)		ss-bfs (exp)
5		1			1
6		4			4
7		13			11
8		37			28
9		132			74
10		366			170
11		1393			465
12		4109			1858

probBLOCKS-7-2.pddl
bound		ida*-bfs (exp)		ss-bfs (exp)
6		1			1
7		4			4
8		14			16
9		44			40
10		169			89
11		608			439
12		2294			1707
13		10272			8920
14		34488			48852
15		190288			170265
16		568439			609172
17		3.68159e+06			3.54244e+06
18		1.01375e+07			1.50932e+07
19		7.31583e+07			1.34839e+07
20		1.92064e+08			1.07029e+08

probBLOCKS-17-0.pddl
bound		ida*-bfs (exp)		ss-bfs (exp)
7		1			1
8		7			7
9		44			32
10		303			312
11		1697			2823
12		10691			16090
13		68742			26314
14		383490			365014
15		2.92626e+06			1.37462e+06
16		1.50607e+07			1.17083e+07
17		1.30779e+08			1.39454e+09

probBLOCKS-5-1.pddl
bound		ida*-bfs (exp)		ss-bfs (exp)
4		1			1
5		5			5
6		17			21
7		71			62
8		214			195
9		820			631
10		2627			950

probBLOCKS-11-2.pddl
bound		ida*-bfs (exp)		ss-bfs (exp)
9		1			1
10		4			4
11		15			16
12		57			71
13		230			402
14		999			2024
15		4803			9224
16		23306			16571
17		120723			126842
18		677713			168919
19		3.46067e+06			557561
20		2.21792e+07			1.15519e+06
21		1.11746e+08			1.85731e+06

probBLOCKS-12-1.pddl
bound		ida*-bfs (exp)		ss-bfs (exp)
11		1			1
12		4			4
13		15			14
14		58			53
15		250			195
16		1201			998
17		6351			4949
18		35876			16489
19		213079			301838
20		1.34968e+06			2.33433e+06
21		8.17152e+06			1.02379e+07
22		5.65489e+07			6.69312e+07
23		3.3553e+08			2.0073e+07

probBLOCKS-15-1.pddl
bound		ida*-bfs (exp)		ss-bfs (exp)
14		1			1
15		4			----zero_info----
16		15			14
17		58			44
18		250			145
19		1202			447
20		6407			3752
21		37445			13747
22		236922			154503
23		1.59743e+06			527881
24		1.13222e+07			1.08113e+07
25		8.42272e+07			1.26842e+08

probBLOCKS-7-1.pddl
bound		ida*-bfs (exp)		ss-bfs (exp)
6		1			1
7		4			4
8		14			16
9		44			52
10		169			129
11		615			747
12		2306			1806
13		10556			8047
14		35049			34782
15		197881			82548
16		584403			424996
17		3.85019e+06			981986
18		1.05023e+07			3.6266e+06
19		7.6532e+07			2.86546e+07
20		1.99474e+08			5.68341e+07
21		1.54567e+09			2.6547e+08

probBLOCKS-8-1.pddl
bound		ida*-bfs (exp)		ss-bfs (exp)
5		1			1
6		6			6
7		31			19
8		157			100
9		750			244
10		3278			1607
11		18241			13952
12		67968			64063
13		447372			416076
14		1.45941e+06			804349
15		1.10801e+07			668601
16		3.27165e+07			6.03319e+06
17		2.77452e+08			2.11801e+07
18		7.63399e+08			2.32224e+08

probBLOCKS-6-2.pddl
bound		ida*-bfs (exp)		ss-bfs (exp)
7		1			1
8		3			3
9		7			7
10		19			18
11		56			69
12		173			112
13		679			359
14		1991			4397
15		9614			21717
16		26453			32984
17		142971			519453
18		384894			1.14041e+06
19		2.18703e+06			2.77764e+06
20		5.91226e+06			1.74208e+07

probBLOCKS-14-0.pddl
bound		ida*-bfs (exp)		ss-bfs (exp)
10		1			1
11		5			5
12		26			27
13		129			148
14		653			807
15		3413			1889
16		19045			27101
17		107794			51102
18		628281			111667
19		3.9818e+06			1.24362e+06
20		2.3668e+07			1.70707e+07
21		1.61877e+08			4.76423e+08

probBLOCKS-10-0.pddl
bound		ida*-bfs (exp)		ss-bfs (exp)
9		1			1
10		4			4
11		14			13
12		52			44
13		212			160
14		942			608
15		4294			1841
16		22140			5980
17		103605			19947
18		561112			99648
19		2.77328e+06			186730
20		1.43788e+07			6.46712e+07
21		7.89376e+07			1.22341e+08
22		3.70634e+08			3.6275e+08

probBLOCKS-4-0.pddl
bound		ida*-bfs (exp)		ss-bfs (exp)
2		1			1
4		12			9
5		21			21
6		114			101

probBLOCKS-7-0.pddl
bound		ida*-bfs (exp)		ss-bfs (exp)
8		1			1
9		3			3
10		7			7
11		19			20
12		61			69
13		218			330
14		800			815
15		3599			2715
16		12227			9145
17		66521			38044
18		201967			148245
19		1.27108e+06			490274
20		3.55652e+06			1.52204e+06

probBLOCKS-16-1.pddl
bound		ida*-bfs (exp)		ss-bfs (exp)
13		1			1
14		5			5
15		27			29
16		139			128
17		775			670
18		4614			8953
19		29394			73901
20		198951			148425
21		1.41394e+06			988450
22		1.04874e+07			8.86886e+06
23		8.08929e+07			1.50872e+08

probBLOCKS-10-2.pddl
bound		ida*-bfs (exp)		ss-bfs (exp)
10		1			1
11		4			4
12		14			13
13		52			40
14		213			228
15		977			1342
16		4835			5007
17		24831			32632
18		140325			209801
19		724777			353328
20		4.41225e+06			2.502e+06
21		2.29926e+07			4.94902e+07
22		1.4021e+08			2.28383e+08
23		7.74121e+08			5.53513e+09

probBLOCKS-14-1.pddl
bound		ida*-bfs (exp)		ss-bfs (exp)
6		1			1
7		6			6
8		31			28
9		245			288
10		1040			790
11		8591			7448
12		40766			24862
13		300666			300328
14		1.73905e+06			1.77777e+06
15		1.09538e+07			6.78011e+06
16		7.80854e+07			5.88748e+07

probBLOCKS-6-1.pddl
bound		ida*-bfs (exp)		ss-bfs (exp)
3		1			1
4		4			4
5		28			28
6		94			56
7		542			536
8		1778			1100
9		9824			9968
10		31354			24420

probBLOCKS-11-1.pddl
bound		ida*-bfs (exp)		ss-bfs (exp)
4		1			1
6		16			17
7		25			25
8		262			249
9		550			481
10		5332			4905
11		13659			19157
12		127054			457933
13		390976			2.22549e+06
14		3.40073e+06			1.64273e+07
15		1.26263e+07			2.08972e+06
16		9.95915e+07			2.97061e+07
17		4.45849e+08			6.43665e+07

probBLOCKS-10-1.pddl
bound		ida*-bfs (exp)		ss-bfs (exp)
8		1			1
9		4			4
10		15			16
11		53			70
12		202			210
13		861			1397
14		3773			1378
15		17011			5409
16		90186			14155
17		399543			58778
18		2.42484e+06			1.17585e+06
19		1.09543e+07			5.02109e+06
20		6.88073e+07			1.47579e+07
21		3.37158e+08			7.37134e+07

probBLOCKS-9-0.pddl
bound		ida*-bfs (exp)		ss-bfs (exp)
9		1			1
10		4			4
11		14			15
12		52			60
13		212			178
14		942			1774
15		4294			9915
16		22140			32692
17		103605			94411
18		561140			297164
19		2.77252e+06			397534
20		1.43805e+07			4.19145e+06
21		7.87983e+07			6.8317e+06
22		3.70514e+08			3.68263e+07

probBLOCKS-9-1.pddl
bound		ida*-bfs (exp)		ss-bfs (exp)
10		1			1
11		3			3
12		7			7
13		19			18
14		61			49
15		233			200
16		1005			991
17		4539			8145
18		23152			33901
19		109478			97576
20		585296			468261
21		2.96935e+06			2.45893e+06
22		1.50414e+07			1.3063e+07
23		8.59272e+07			8.11106e+07
24		3.89455e+08			7.83405e+07
