	Report:		ida*-bfs-vs-ss-bfs - using hmax heuristic - 1 probe.

elevators-opt11-strips

p14.pddl
bound		ida*-bfs (exp)		ss-bfs (exp)
9		1			1
14		75			75
15		149			149
16		371			371
18		408			408
19		1345			1162
20		17190			80839
21		78164			12409
22		91507			71948
23		146610			63786
24		167490			6887
25		543832			6961
26		4.77922e+06			4.74014e+07

p19.pddl
bound		ida*-bfs (exp)		ss-bfs (exp)
8		1			1
14		13			13
15		34			34
16		40			40
17		43			43
19		57			76
20		288			88
21		1043			730
22		2388			565
23		3375			658
24		3922			694
25		4280			712
26		18386			175
27		79687			34282
28		244088			214060
29		518039			24649
30		837919			26566
31		1.04223e+06			28483
32		2.57002e+06			1.02374e+07
33		1.09466e+07			3556

p18.pddl
bound		ida*-bfs (exp)		ss-bfs (exp)
8		1			1
14		28			28
15		37			37
16		64			64
17		73			73
18		127			127
19		136			136
20		1148			220
21		2921			2684
22		4804			472
23		7260			1246
24		11828			9490
25		14473			3580
26		88113			23162
27		276970			542
28		603169			538
29		1.01236e+06			568
30		1.78454e+06			16649
31		2.56093e+06			239290

p15.pddl
bound		ida*-bfs (exp)		ss-bfs (exp)
9		1			1
14		7			7
15		19			19
16		25			25
17		31			31
19		40			49
20		220			113
21		643			136
22		1338			223
23		1823			373
24		2114			637
25		2399			5617
26		19517			8761
27		80119			64429
28		160934			1837
29		286874			223705
30		352495			602959
31		684574			47267
32		2.48411e+06			3797
33		1.08448e+07			672843

p12.pddl
bound		ida*-bfs (exp)		ss-bfs (exp)
9		1			1
14		19			19
15		55			55
16		82			82
17		100			100
19		685			880
20		3187			694
21		8632			2053
22		13276			3319
23		16225			3149
24		17812			6443
25		97543			42865
26		1.03437e+06			4.3031e+06
27		3.31267e+06			362892
28		5.61709e+06			242427

p13.pddl
bound		ida*-bfs (exp)		ss-bfs (exp)
9		1			1
14		23			23
15		89			89
16		155			155
17		199			199
18		221			221
20		4137			2201
21		16504			11011
22		35537			30945
23		57943			30951
24		66413			7353
25		131586			7353
26		769556			9.2371e+06
27		4.4234e+06			16858

p07.pddl
bound		ida*-bfs (exp)		ss-bfs (exp)
8		1			1
14		148			148
15		491			491
16		687			687
17		736			736
18		785			785
19		4165			3333
20		27328			14305
21		107203			13206
22		278777			472172
23		475980			1.59943e+07
24		571604			6182
25		1.1772e+06			6182

p05.pddl
bound		ida*-bfs (exp)		ss-bfs (exp)
10		1			1
15		15			15
16		29			29
17		57			57
18		71			71
19		78			78
20		129			134
21		252			447
22		964			1657
23		1750			1031
24		3043			859
25		4237			4666
26		5702			1038
27		13008			37616
28		28768			8764
29		77289			7044
30		141166			11216
31		236474			66478
32		369747			49748
33		575296			217652
34		1.45312e+06			245673
35		3.47996e+06			62691
36		8.52502e+06			221413
37		1.51577e+07			1.04806e+06

p01.pddl
bound		ida*-bfs (exp)		ss-bfs (exp)
11		1			1
16		4			4
17		6			6
18		9			9
19		10			10
20		13			13
21		18			17
22		28			36
23		49			60
24		69			83
25		100			99
26		141			172
27		228			183
28		330			378
29		484			361
30		744			503
31		1110			595
32		2136			6427
33		4053			3158
34		6438			3987
35		9481			4771
36		13601			5535
37		23120			7446
38		49694			21627
39		108910			7245
40		201411			16767
41		325585			8879
42		511106			13353
43		861425			20625
44		1.85865e+06			48376
45		4.19696e+06			6800
46		8.38066e+06			59740
47		1.5137e+07			2.05794e+06
48		2.53289e+07			2.80401e+06

p10.pddl
bound		ida*-bfs (exp)		ss-bfs (exp)
10		1			1
16		13			13
17		19			19
18		28			28
19		32			32
20		43			43
21		55			46
22		313			196
23		847			1324
24		1194			1348
25		1594			1152
26		2337			2032
27		6960			95779
28		28352			20804
29		66185			635
30		129660			328074
31		193629			16549
32		307419			5791
33		756265			10315
34		3.3145e+06			10804

p04.pddl
bound		ida*-bfs (exp)		ss-bfs (exp)
8		1			1
14		7			7
15		22			22
16		25			25
17		28			28
19		60			28
20		225			115
21		426			88
22		772			1438
23		975			838
24		1126			1654
25		1381			2983
26		5916			3163
27		17918			6067
28		32290			3963
29		51765			10168
30		67989			2329
31		93482			2329
32		228760			6433
33		766891			9163
34		1.89276e+06			15274
35		3.59185e+06			120385
36		5.49037e+06			23281
37		7.84087e+06			6.48666e+06
38		1.47963e+07			477631

p06.pddl
bound		ida*-bfs (exp)		ss-bfs (exp)
8		1			1
13		26			26
14		101			101
15		201			201
16		251			251
18		276			276
19		4515			1876
20		21805			9958
21		54018			17984
22		78557			61666
23		90754			48826
24		101066			19026
25		1.59868e+06			383226
26		7.61492e+06			5.32836e+06

p17.pddl
bound		ida*-bfs (exp)		ss-bfs (exp)
11		1			1
16		26			26
17		101			101
18		151			151
19		201			201
20		251			251
21		326			326
22		5622			52344
23		20583			11583
24		34120			58846
25		49789			49411
26		66879			4051
27		191951			24087
28		1.88323e+06			15599
29		4.76616e+06			45613

p20.pddl
bound		ida*-bfs (exp)		ss-bfs (exp)
7		1			1
13		19			19
14		91			91
15		118			118
16		145			145
19		814			433
20		5674			514
21		15649			4324
22		20634			5320
23		25862			2449
24		26827			2506
25		63735			11699
26		628587			20224
27		2.97885e+06			58489

p03.pddl
bound		ida*-bfs (exp)		ss-bfs (exp)
10		1			1
16		6			6
17		8			8
18		10			10
20		14			14
21		23			20
22		51			17
23		89			26
24		111			57
25		147			148
26		205			183
27		369			211
28		767			234
29		1257			2889
30		2004			1229
31		2691			684
32		4338			2225
33		7420			2217
34		14649			7084
35		28018			5224
36		44463			1.62494e+06
37		71679			3422
38		111221			8690
39		202480			77749
40		391012			11402
41		750684			94085
42		1.39236e+06			93983
43		2.27927e+06			91141
44		3.98156e+06			114275
45		6.86727e+06			325674
46		1.32401e+07			1.73984e+06
47		2.63036e+07			4.70443e+06

p09.pddl
bound		ida*-bfs (exp)		ss-bfs (exp)
8		1			1
13		8			8
14		29			29
15		71			71
16		92			92
17		106			106
19		280			152
20		1312			239
21		3071			4738
22		5800			1611
23		7853			1717
24		9507			1717
25		17473			16507
26		60393			6048
27		183717			177852
28		385114			14533
29		672343			24510
30		925476			131385
31		1.51268e+06			22044
32		4.62925e+06			532803
33		1.37768e+07			135468

p08.pddl
bound		ida*-bfs (exp)		ss-bfs (exp)
9		1			1
14		51			51
15		88			88
16		151			151
17		188			188
18		226			226
19		2763			2632
20		8543			6535
21		21794			23609
22		31260			7490
23		40578			437015
24		49530			67475
25		443433			100316
26		2.35158e+06			335729
27		5.05985e+06			36809
28		9.1657e+06			27434

p16.pddl
bound		ida*-bfs (exp)		ss-bfs (exp)
9		1			1
14		2			2
15		4			4
16		8			8
18		11			11
19		12			12
20		20			16
21		39			19
22		65			32
23		120			112
24		153			210
25		227			137
26		301			378
27		563			1980
28		1127			271
29		2169			530
30		4008			4340
31		5949			3973
32		8955			5677
33		13930			8553
34		30672			7802
35		70410			150008
36		143449			1.43966e+06
37		262108			68357
38		411404			51536
39		686153			44799
40		1.3697e+06			459983
41		3.31483e+06			89643
42		7.92476e+06			550316
43		1.55277e+07			32797

p11.pddl
bound		ida*-bfs (exp)		ss-bfs (exp)
8		1			1
14		149			149
15		334			334
16		445			445
17		519			519
18		556			556
19		1222			556
20		38035			2716
21		108192			5596
22		188034			12733
23		241746			19393
24		279012			163807
25		1.32116e+06			240523

p02.pddl
bound		ida*-bfs (exp)		ss-bfs (exp)
9		1			1
14		4			4
15		22			22
16		37			37
17		43			43
20		220			232
21		844			154
22		1424			1305
23		1843			1405
24		2034			7823
25		2452			8309
26		14772			577
27		50467			1485
28		92722			12001
29		122292			6241
30		142238			18636
31		224578			8154
32		1.30574e+06			57088
33		4.69119e+06			99865
34		9.21924e+06			30187
35		1.31689e+07			3655
36		1.58594e+07			183481
