	Report:		ida*-bfs-vs-ss-bfs - using hmax heuristic - 1 probe.

elevators-opt08-strips

p14.pddl
bound		ida*-bfs (exp)		ss-bfs (exp)
10		1			1
16		13			13
17		19			19
18		28			28
19		32			32
20		43			43
21		55			46
22		313			361
23		847			778
24		1194			4896
25		1594			2146
26		2337			1630
27		6960			519
28		28352			5363
29		66185			108476
30		129660			29539
31		193629			122342
32		307419			10490
33		756265			64032
34		3.3145e+06			31075

p19.pddl
bound		ida*-bfs (exp)		ss-bfs (exp)
10		1			1
15		2			2
16		5			5
17		8			8
18		10			10
19		12			12
20		13			13
21		19			17
22		48			23
23		95			32
24		162			314
25		231			138
26		352			791
27		488			944
28		1204			3257
29		2393			3425
30		4532			5130
31		9400			6228
32		16325			7441
33		28455			28578
34		49595			44349
35		107135			34185
36		213294			19170
37		474677			92352
38		973874			26623
39		1.86169e+06			81256
40		4.13713e+06			212653
41		7.92244e+06			662149

p29.pddl
bound		ida*-bfs (exp)		ss-bfs (exp)
9		1			1
14		4			4
15		19			19
16		34			34
17		40			40
18		43			43
20		169			61
21		566			1132
22		1432			3160
23		2470			2746
24		3636			3430
25		5065			259318
26		11050			2095
27		36853			5308
28		128150			41518
29		431064			13846
30		955831			14821
31		1.61828e+06			14821
32		2.38876e+06			499651

p18.pddl
bound		ida*-bfs (exp)		ss-bfs (exp)
8		1			1
14		28			28
15		37			37
16		64			64
17		73			73
18		127			127
19		136			136
20		1148			460
21		2921			898
22		4804			1264
23		7260			4240
24		11828			10435
25		14473			38137
26		88113			38329
27		276970			3751
28		603169			39904
29		1.01236e+06			105853
30		1.78454e+06			459285
31		2.56093e+06			541962

p15.pddl
bound		ida*-bfs (exp)		ss-bfs (exp)
9		1			1
14		2			2
15		4			4
16		8			8
18		11			11
19		12			12
20		20			16
21		39			37
22		65			56
23		120			115
24		153			126
25		227			227
26		301			351
27		563			345
28		1127			1972
29		2169			919
30		4008			3163
31		5949			9397
32		8955			12538
33		13930			31328
34		30672			64222
35		70410			135628
36		143449			93433
37		262108			151322
38		411404			19667
39		686153			146568
40		1.3697e+06			238404
41		3.31483e+06			79049
42		7.92476e+06			1.10397e+07
43		1.55277e+07			1.27734e+06

p25.pddl
bound		ida*-bfs (exp)		ss-bfs (exp)
9		1			1
14		4			4
15		16			16
16		34			34
17		37			37
18		43			43
20		126			259
21		395			2167
22		966			859
23		1721			12058
24		2472			962
25		2931			5239
26		4582			6364
27		15221			35821
28		57965			1693
29		152689			6508
30		294014			10198
31		421559			10639
32		578384			21952
33		1.43104e+06			186964
34		7.57042e+06			110707

p12.pddl
bound		ida*-bfs (exp)		ss-bfs (exp)
10		1			1
16		6			6
17		8			8
18		10			10
20		14			14
21		23			20
22		51			170
23		89			62
24		111			69
25		147			128
26		205			141
27		369			206
28		767			835
29		1257			452
30		2004			1495
31		2691			591
32		4338			1668
33		7420			2021
34		14649			4320
35		28018			4566
36		44463			20463
37		71679			8341
38		111221			27068
39		202480			17304
40		391012			30748
41		750684			62257
42		1.39236e+06			25782
43		2.27927e+06			544714
44		3.98156e+06			113777
45		6.86727e+06			1.17311e+06
46		1.32401e+07			1.45436e+06
47		2.63036e+07			8944

p13.pddl
bound		ida*-bfs (exp)		ss-bfs (exp)
10		1			1
15		15			15
16		29			29
17		57			57
18		71			71
19		78			78
20		129			136
21		252			453
22		964			1007
23		1750			975
24		3043			6397
25		4237			6075
26		5702			942
27		13008			60709
28		28768			19052
29		77289			457450
30		141166			291314
31		236474			4252
32		369747			30614
33		575296			16794
34		1.45312e+06			470139
35		3.47996e+06			36219
36		8.52502e+06			134159
37		1.51577e+07			1.0151e+06

p30.pddl
bound		ida*-bfs (exp)		ss-bfs (exp)
9		1			1
14		315			315
15		1257			1257
16		2513			2513
19		18738			10699
20		296796			103028
21		1.35643e+06			452731

p07.pddl
bound		ida*-bfs (exp)		ss-bfs (exp)
9		1			1
14		23			23
15		89			89
16		155			155
17		199			199
18		221			221
20		4137			531
21		16504			10771
22		35537			7062
23		57943			17393
24		66413			37527
25		131586			42821
26		769556			162544
27		4.4234e+06			191112

p05.pddl
bound		ida*-bfs (exp)		ss-bfs (exp)
9		1			1
14		51			51
15		88			88
16		151			151
17		188			188
18		226			226
19		2763			3932
20		8543			27623
21		21794			2905
22		31260			10321
23		40578			16065
24		49530			27297
25		443433			42727
26		2.35158e+06			3797
27		5.05985e+06			10691
28		9.1657e+06			9027

p22.pddl
bound		ida*-bfs (exp)		ss-bfs (exp)
8		1			1
13		8			8
14		29			29
15		71			71
16		92			92
17		106			106
19		280			120
20		1312			1146
21		3071			436
22		5800			1562
23		7853			36793
24		9507			4526
25		17473			11341
26		60393			37655
27		183717			20784
28		385114			470107
29		672343			114263
30		925476			138507
31		1.51268e+06			112353
32		4.62925e+06			2.76018e+06
33		1.37768e+07			81418

p01.pddl
bound		ida*-bfs (exp)		ss-bfs (exp)
9		1			1
14		7			7
15		13			13
16		25			25
18		28			28
19		37			34
20		99			49
21		267			85
22		426			634
23		698			268
24		811			295
25		1147			644
26		2299			1402
27		6211			697
28		12365			2392
29		21035			4873
30		33004			46009
31		43829			51154
32		82401			7727
33		176855			11700
34		448076			55811
35		889206			2.47471e+06
36		1.66857e+06			39679
37		2.54766e+06			51530
38		3.94092e+06			872971
39		8.52498e+06			41610
40		2.00918e+07			68223
41		4.89885e+07			4.07008e+06

p10.pddl
bound		ida*-bfs (exp)		ss-bfs (exp)
8		1			1
14		19			19
15		73			73
16		100			100
17		109			109
19		385			169
20		1894			741
21		5911			14587
22		12364			2248
23		15998			28432
24		19450			3736
25		39359			1432
26		272229			1909
27		936942			9916
28		2.23005e+06			1.31208e+06
29		3.83252e+06			7037

p04.pddl
bound		ida*-bfs (exp)		ss-bfs (exp)
8		1			1
13		26			26
14		101			101
15		201			201
16		251			251
18		276			276
19		4515			376
20		21805			81250
21		54018			4924
22		78557			859576
23		90754			7941
24		101066			130401
25		1.59868e+06			660551
26		7.61492e+06			156751

p26.pddl
bound		ida*-bfs (exp)		ss-bfs (exp)
8		1			1
14		148			148
15		491			491
16		687			687
17		736			736
18		785			785
19		4165			785
20		27328			46233
21		107203			190128
22		278777			18838
23		475980			344112
24		571604			9962
25		1.1772e+06			10452

p06.pddl
bound		ida*-bfs (exp)		ss-bfs (exp)
9		1			1
14		19			19
15		55			55
16		82			82
17		100			100
19		685			490
20		3187			4636
21		8632			1855
22		13276			1603
23		16225			4905
24		17812			4591
25		97543			3097
26		1.03437e+06			125531
27		3.31267e+06			1.30013e+06
28		5.61709e+06			2.39331e+06

p17.pddl
bound		ida*-bfs (exp)		ss-bfs (exp)
11		1			1
16		26			26
17		101			101
18		151			151
19		201			201
20		251			251
21		326			326
22		5622			13005
23		20583			14851
24		34120			8471
25		49789			5601
26		66879			6153
27		191951			115665
28		1.88323e+06			339075
29		4.76616e+06			40942

p20.pddl
bound		ida*-bfs (exp)		ss-bfs (exp)
8		1			1
14		4			4
15		13			13
16		16			16
17		25			25
18		37			37
19		40			40
20		147			67
21		514			379
22		957			652
23		1443			568
24		2324			559
25		3144			2101
26		13877			840
27		45127			1814
28		105218			2298
29		186038			1323
30		338200			35904
31		572085			23912
32		1.28446e+06			28457

p28.pddl
bound		ida*-bfs (exp)		ss-bfs (exp)
8		1			1
14		149			149
15		334			334
16		445			445
17		519			519
18		556			556
19		1222			556
20		38035			117580
21		108192			160516
22		188034			766789
23		241746			12841
24		279012			15031
25		1.32116e+06			2881

p23.pddl
bound		ida*-bfs (exp)		ss-bfs (exp)
8		1			1
14		13			13
15		34			34
16		40			40
17		43			43
19		57			43
20		288			70
21		1043			400
22		2388			3723
23		3375			7150
24		3922			4725
25		4280			4725
26		18386			14092
27		79687			27826
28		244088			34327
29		518039			22183
30		837919			18226
31		1.04223e+06			22330
32		2.57002e+06			32083
33		1.09466e+07			33373

p21.pddl
bound		ida*-bfs (exp)		ss-bfs (exp)
9		1			1
14		4			4
15		22			22
16		37			37
17		43			43
20		220			193
21		844			712
22		1424			409
23		1843			975
24		2034			3975
25		2452			5033
26		14772			721
27		50467			1507
28		92722			14160
29		122292			167676
30		142238			17416
31		224578			20062
32		1.30574e+06			2.51925e+06
33		4.69119e+06			61036
34		9.21924e+06			48721
35		1.31689e+07			28081
36		1.58594e+07			276547

p03.pddl
bound		ida*-bfs (exp)		ss-bfs (exp)
8		1			1
14		7			7
15		22			22
16		25			25
17		28			28
19		60			28
20		225			73
21		426			841
22		772			121
23		975			373
24		1126			421
25		1381			226
26		5916			2539
27		17918			12508
28		32290			5728
29		51765			142528
30		67989			3312
31		93482			3561
32		228760			7841
33		766891			466894
34		1.89276e+06			176914
35		3.59185e+06			19084
36		5.49037e+06			34936
37		7.84087e+06			882988
38		1.47963e+07			14926

p24.pddl
bound		ida*-bfs (exp)		ss-bfs (exp)
7		1			1
13		19			19
14		91			91
15		118			118
16		145			145
19		814			1345
20		5674			1843
21		15649			706
22		20634			772
23		25862			16921
24		26827			9835
25		63735			11911
26		628587			58717
27		2.97885e+06			34549

p09.pddl
bound		ida*-bfs (exp)		ss-bfs (exp)
9		1			1
14		7			7
15		19			19
16		25			25
17		31			31
19		40			31
20		220			285
21		643			646
22		1338			2365
23		1823			1507
24		2114			337
25		2399			769
26		19517			1399
27		80119			14413
28		160934			80575
29		286874			558815
30		352495			685499
31		684574			299071
32		2.48411e+06			315211
33		1.08448e+07			607325

p08.pddl
bound		ida*-bfs (exp)		ss-bfs (exp)
9		1			1
14		75			75
15		149			149
16		371			371
18		408			408
19		1345			1600
20		17190			10977
21		78164			98121
22		91507			4270
23		146610			59070
24		167490			164319
25		543832			14161
26		4.77922e+06			5.338e+06

p16.pddl
bound		ida*-bfs (exp)		ss-bfs (exp)
10		1			1
16		13			13
17		19			19
18		28			28
19		31			31
20		40			40
21		55			106
22		223			118
23		515			180
24		766			236
25		1093			318
26		1588			343
27		2194			2198
28		7959			405
29		19199			781
30		39017			6388
31		62947			9175
32		105346			1701
33		165843			9568
34		428986			44239
35		1.14869e+06			34440
36		2.66433e+06			151946
37		5.72324e+06			60364
38		9.95214e+06			28441

p11.pddl
bound		ida*-bfs (exp)		ss-bfs (exp)
11		1			1
16		4			4
17		6			6
18		9			9
19		10			10
20		13			13
21		18			17
22		28			22
23		49			45
24		69			77
25		100			87
26		141			132
27		228			241
28		330			443
29		484			1042
30		744			199
31		1110			1399
32		2136			1087
33		4053			1626
34		6438			2017
35		9481			4128
36		13601			2933
37		23120			6977
38		49694			552
39		108910			15669
40		201411			20033
41		325585			26893
42		511106			58661
43		861425			55261
44		1.85865e+06			253831
45		4.19696e+06			74059
46		8.38066e+06			101747
47		1.5137e+07			66977
48		2.53289e+07			499217

p27.pddl
bound		ida*-bfs (exp)		ss-bfs (exp)
9		1			1
14		3			3
15		7			7
16		12			12
17		13			13
18		14			14
19		17			14
20		47			23
21		155			99
22		235			263
23		327			322
24		370			353
25		441			389
26		2201			2875
27		7674			10860
28		14794			3978
29		21739			192447
30		28102			226647
31		40412			24746
32		135055			12438
33		746650			88427
34		1.84701e+06			5.30988e+06
35		3.17698e+06			49840
36		4.51155e+06			56350
37		6.15626e+06			2.07652e+06

p02.pddl
bound		ida*-bfs (exp)		ss-bfs (exp)
7		1			1
13		51			51
14		151			151
15		188			188
16		238			238
18		251			251
19		2753			1235
20		13573			1623
21		32300			83646
22		44554			15380
23		55026			53741
24		59448			109595
25		191936			2731
26		1.20417e+06			1.24173e+06
