	Report:		ida*-bfs-vs-ss-bfs - using hmax heuristic - 1 probe.

tidybot-opt11-strips

p14.pddl
bound		ida*-bfs (exp)		ss-bfs (exp)
9		5			5
10		27			----zero_info----
11		127			146
12		575			416
13		2236			----zero_info----
14		9504			----zero_info----
15		34210			11638
16		142108			236808
17		487809			232474
18		2.01548e+06			1.78487e+06

p19.pddl
bound		ida*-bfs (exp)		ss-bfs (exp)
13		8			117
14		51			53
15		250			228
16		1585			1429
17		5222			231266
18		34248			21845
19		93422			107775
20		624050			454237
21		1.5317e+06			2.95741e+06

p18.pddl
bound		ida*-bfs (exp)		ss-bfs (exp)
9		4			4
10		7			6
11		44			46
12		115			80
13		498			464
14		1577			1030
15		6134			----zero_info----
16		20986			15650
17		78401			59568
18		276476			216468
19		1.01744e+06			751622

p15.pddl
bound		ida*-bfs (exp)		ss-bfs (exp)
13		22			13
14		288			429
15		1886			3107
16		11201			6291
17		66287			88230
18		289088			130122
19		1.67548e+06			1.61984e+06

p12.pddl
bound		ida*-bfs (exp)		ss-bfs (exp)
13		13			13
14		39			28
15		256			198
16		976			676
17		4242			2555
18		19144			35998
19		68102			98582
20		337874			121636
21		1.08869e+06			743985

p13.pddl
bound		ida*-bfs (exp)		ss-bfs (exp)
8		3			3
9		11			12
10		43			60
11		169			232
12		527			478
13		2256			2872
14		6266			3295
15		28808			31666
16		74289			117502
17		363909			500471
18		889119			1.03804e+06

p07.pddl
bound		ida*-bfs (exp)		ss-bfs (exp)
7		2			2
8		10			9
9		48			33
10		227			163
11		963			705
12		3961			2779
13		16426			5939
14		64093			9299
15		257457			355183
16		975342			125223
17		3.78642e+06			1.4804e+06

p05.pddl
bound		ida*-bfs (exp)		ss-bfs (exp)
16		11			11
17		78			12
18		304			132
19		2491			2093
20		6856			4755
21		56604			54993
22		135572			116013
23		1.08652e+06			554245
24		2.41259e+06			1.5453e+06

p01.pddl
bound		ida*-bfs (exp)		ss-bfs (exp)
1		1			1
2		8			8
3		49			57
4		278			218

p10.pddl
bound		ida*-bfs (exp)		ss-bfs (exp)
13		13			2131
14		28			30
15		236			224
16		573			629
17		3417			1312
18		9699			10249
19		46775			24217
20		154249			53536
21		639057			526582
22		2.38703e+06			1.06396e+06

p04.pddl
bound		ida*-bfs (exp)		ss-bfs (exp)
16		9			546960
17		57			55
18		201			173
19		1174			1073
20		3304			3551
21		16719			14471
22		46440			26371
23		204958			166763
24		593506			295703
25		2.34015e+06			1.86736e+06
26		7.16016e+06			5.30784e+06

p06.pddl
bound		ida*-bfs (exp)		ss-bfs (exp)
16		9			9
17		12			12
18		139			132
19		281			232
20		1891			2202
21		5729			3651
22		26605			33674
23		107616			66240
24		395280			605175
25		1.8902e+06			3.55588e+06
26		6.12089e+06			4.97724e+06

p17.pddl
bound		ida*-bfs (exp)		ss-bfs (exp)
12		6			6
13		33			33
14		137			127
15		677			560
16		2480			2092
17		10810			10782
18		40249			1.03804e+06
19		158401			247384
20		615895			1.46076e+06
21		2.23564e+06			1.7301e+06

p20.pddl
bound		ida*-bfs (exp)		ss-bfs (exp)
16		9			9
17		10			10
18		125			----zero_info----
19		157			152
20		1378			1382
21		2019			2429
22		14194			14037
23		24521			22863
24		142818			130219
25		290031			269519
26		1.44209e+06			1.15687e+06

p03.pddl
bound		ida*-bfs (exp)		ss-bfs (exp)
6		1			1
7		5			4
8		25			14
9		115			82
10		497			510
11		2115			264
12		8801			3192
13		35920			6476
14		145400			17248
15		574649			71340
16		2.27658e+06			546960

p09.pddl
bound		ida*-bfs (exp)		ss-bfs (exp)
11		6			6
12		50			49
13		251			229
14		1151			795
15		5354			4329
16		20161			9891
17		91084			62231
18		338203			154379
19		1.46782e+06			562535

p08.pddl
bound		ida*-bfs (exp)		ss-bfs (exp)
11		6			6
12		28			28
13		93			89
14		461			439
15		1085			999
16		5371			5771
17		11216			9969
18		55143			47633
19		108888			87119
20		534574			467945
21		1.02578e+06			605977
22		5.07366e+06			4.19401e+06

p16.pddl
bound		ida*-bfs (exp)		ss-bfs (exp)
13		13			13
14		19			19
15		232			264
16		367			390
17		3330			1814
18		5855			9248
19		44421			31475
20		86361			29710
21		575801			617067
22		1.22509e+06			1.30619e+06

p11.pddl
bound		ida*-bfs (exp)		ss-bfs (exp)
7		2			2
8		6			6
9		23			31
10		80			89
11		228			161
12		866			705
13		2122			2131
14		8464			9449
15		19124			7959
16		79258			268115
17		170426			69159
18		729384			287415
19		1.52366e+06			602579

p02.pddl
bound		ida*-bfs (exp)		ss-bfs (exp)
11		5			5
12		22			21
13		77			67
14		331			303
15		882			875
16		3464			3311
17		8716			8467
18		31362			30831
19		78201			68571
20		261164			190033
21		655382			472275
22		2.06138e+06			3.16811e+06
23		5.23236e+06			1.63573e+07
24		1.57105e+07			8.41906e+06
