	Report:		ida*-bfs-vs-ss-bfs - using hmax heuristic - 1 probe.

transport-opt08-strips

p14.pddl
bound		ida*-bfs (exp)		ss-bfs (exp)
237		2			2
250		5			5
258		7			7
260		9			9
263		13			15
265		15			17
271		20			21
273		25			25
275		28			24
276		33			18
278		40			20
283		42			22
284		51			24
285		52			79
286		70			34
287		73			42
288		74			43
289		88			61
290		89			42
291		106			245
292		109			246
293		110			247
294		113			248
295		114			249
296		127			118
297		142			129
298		151			89
299		172			81
300		185			228
301		197			230
302		219			232
303		235			209
304		277			143
305		297			151
306		312			161
307		355			365
308		371			397
309		424			399
310		475			431
311		506			309
312		604			189
313		663			488
314		743			496
315		831			586
316		899			595
317		1057			892
318		1171			401
319		1289			422
320		1445			1163
321		1602			550
322		1829			603
323		2060			777
324		2327			706
325		2696			830
326		3045			924
327		3421			1443
328		3906			668
329		4473			725
330		5211			1136
331		5982			2582
332		6935			1492
333		8121			1419
334		9472			1204
335		11291			692
336		13558			4634
337		16525			53152
338		21056			5541
339		27913			2615
340		39550			2860
341		60936			97574
342		101221			973
343		181953			1494
344		342354			31093
345		672613			721848
346		1.34226e+06			497231

p19.pddl
bound		ida*-bfs (exp)		ss-bfs (exp)
267		2			2
272		4			4
279		7			7
281		10			10
283		16			16
284		21			18
286		26			20
287		28			22
288		41			37
290		44			42
291		48			42
293		57			92
294		61			47
295		91			202
296		118			73
297		128			90
298		150			109
299		182			489
300		243			408
301		286			377
302		316			614
303		347			626
304		420			364
305		454			503
306		466			655
307		516			132
308		567			230
309		641			1164
310		817			527
311		979			345
312		1210			2564
313		1394			584
314		1611			1438
315		2050			15260
316		2530			815
317		2953			2094
318		3294			1219
319		3697			791
320		4208			999
321		4525			1555
322		4982			1160
323		5548			7179
324		6540			2187
325		7538			23427
326		8586			1930
327		10151			1209
328		12224			29413
329		14526			19703
330		17167			8864
331		20121			11911
332		24466			37399
333		28114			4837
334		32427			300422
335		36397			270990

p18.pddl
bound		ida*-bfs (exp)		ss-bfs (exp)
282		3			3
284		5			5
285		10			10
286		19			19
287		21			21
292		25			24
294		31			30
295		33			30
296		41			36
297		44			52
298		53			43
299		62			92
300		77			58
301		82			62
302		124			108
303		153			91
304		187			157
305		212			100
306		228			151
307		246			227
308		290			332
309		346			305
310		437			318
311		496			356
312		572			265
313		619			277
314		737			948
315		850			569
316		977			2204
317		1087			697
318		1348			595
319		1585			509
320		1945			964
321		2247			1380
322		2542			2653
323		2913			906
324		3370			1619
325		3845			2434
326		4581			1127
327		5294			23178
328		6039			2310
329		6691			2392
330		7803			11005
331		9083			18858
332		10693			3363
333		12468			7031
334		14350			4787
335		16275			20417
336		19138			6947
337		22478			7830
338		26540			17793
339		30663			46489
340		34949			18017
341		40168			12684
342		46774			25986

p15.pddl
bound		ida*-bfs (exp)		ss-bfs (exp)
297		4			4
300		9			9
303		11			11
305		13			13
306		17			17
314		19			17
315		21			21
320		24			24
321		26			26
322		42			36
323		44			46
325		75			87
326		80			104
327		82			67
328		104			155
329		110			84
330		121			165
331		151			231
332		155			231
333		163			112
334		175			223
335		179			304
336		185			166
337		188			202
338		195			166
339		221			175
340		238			324
341		242			324
342		257			238
343		262			238
344		269			240
345		309			267
346		368			284
347		458			721
348		558			752
349		776			596
350		1182			1363
351		1829			2577
352		3174			3665
353		6018			2081
354		11954			808
355		24281			37066
356		50372			35446
357		104380			148600
358		218606			99277
359		455363			302510
360		953753			92439
361		1.98389e+06			786334

p25.pddl
bound		ida*-bfs (exp)		ss-bfs (exp)
255		2			2
277		5			5
278		9			9
279		14			14
280		22			25
281		36			69
282		51			20
283		69			36
284		90			151
285		113			121
286		140			148
287		169			94
288		202			116
289		237			346
290		276			250
291		319			240
292		366			546
293		416			371
294		471			686
295		534			762
296		603			467
297		683			926
298		770			554
299		875			1154
300		989			1088
301		1129			208
302		1288			53
303		1498			1836
304		1761			641
305		2137			279
306		2701			1650
307		3675			596
308		5440			3413
309		8913			16350
310		15940			44002
311		30602			32375
312		61434			52908
313		126765			652

p12.pddl
bound		ida*-bfs (exp)		ss-bfs (exp)
266		3			3
297		7			7
305		9			9
312		13			13
313		17			17
320		19			19
321		21			21
322		23			23
323		25			25
324		27			27
325		29			29
326		35			35
327		37			37
328		45			41
329		47			43
330		55			55
331		61			61
332		63			63
333		65			65
334		67			67
335		69			69
336		81			77
337		83			79
338		85			73
339		87			75
340		95			89
341		105			95
342		107			105
343		113			107
344		133			141
345		143			147
346		149			157
347		159			159
348		161			177
349		163			179
350		165			181
351		177			251
352		181			137
353		185			139
354		189			141
355		193			139
356		197			141
357		209			147
358		223			219
359		269			389
360		297			259
361		331			489
362		359			693
363		379			335
364		411			447
365		447			417
366		475			425
367		521			179
368		561			193
369		605			207
370		667			221
371		745			547
372		813			569
373		881			607
374		991			629
375		1121			963
376		1263			1069
377		1347			535
378		1465			1113
379		1561			1135
380		1675			481
381		1781			1179
382		1929			1747
383		2067			729
384		2215			981
385		2401			857
386		2645			1011
387		2895			1167
388		3253			1821
389		3587			3217
390		4087			3027
391		4655			535
392		5175			603
393		5925			3383
394		6617			3113
395		7477			867
396		8385			937
397		9397			1007
398		10559			4371
399		11855			5225
400		13355			7897
401		15063			2373
402		16983			1545
403		19323			4091
404		21929			4691
405		25275			2043
406		28837			12231
407		32895			5953
408		37581			6241
409		42853			6529
410		49153			12243
411		56109			10495
412		64001			6959
413		72943			15305
414		83193			5785
415		94921			6349
416		108173			7031
417		123297			10307
418		140187			10019
419		159615			4849
420		181871			5695
421		206771			7229
422		235531			12343
423		267111			38427
424		303369			40947
425		344435			6207
426		390545			6349
427		443363			6491
428		502663			6633
429		570481			6775
430		647073			25117
431		734215			36797
432		833527			75071
433		946065			149591
434		1.07531e+06			331645
435		1.22177e+06			8691
436		1.38882e+06			37225
437		1.57977e+06			6673
438		1.79586e+06			13741
439		2.04477e+06			12481
440		2.32646e+06			13787

p13.pddl
bound		ida*-bfs (exp)		ss-bfs (exp)
235		1			1
249		2			2
259		3			3
265		4			4
273		8			9
274		10			11
275		13			14
276		17			15
277		23			19
278		27			29
279		34			33
280		39			31
281		45			42
282		52			45
283		63			54
284		70			62
285		78			67
286		86			95
287		95			108
288		104			122
289		114			137
290		129			140
291		144			248
292		155			268
293		167			289
294		179			272
295		194			295
296		209			283
297		239			37
298		266			41
299		308			113
300		357			161
301		432			199
302		515			143
303		638			103
304		774			180
305		964			746
306		1168			889
307		1444			922
308		1732			341
309		2106			1762
310		2495			2076
311		2980			2420
312		3490			2794
313		4124			1134
314		4788			705
315		5613			187
316		6482			154
317		7541			670
318		8676			1846
319		10057			455
320		11533			607
321		13367			751
322		15361			3862
323		17849			803
324		20611			258817
325		24118			1499
326		28010			1605
327		33021			2789
328		38655			2293
329		45989			12933
330		54416			1465
331		65731			44696
332		79479			12381
333		99383			31463
334		127095			32329
335		173079			51251
336		250290			2990
337		397323			10875
338		680014			1.94456e+06
339		1.26002e+06			50321
340		2.44232e+06			197731

p07.pddl
bound		ida*-bfs (exp)		ss-bfs (exp)
65		1			1
66		2			2
67		3			3
68		4			4
69		5			5
70		6			6
71		7			7
72		8			8
73		9			9
74		10			10
75		11			11
76		12			12
77		13			13
78		14			14
79		15			15
80		16			16
81		18			3
82		21			5
83		26			8
84		34			12
85		45			16
86		61			12
87		83			16
88		111			260
89		149			33
90		200			26
91		273			44
92		383			98
93		560			3153
94		863			69
95		1412			77
96		2446			69
97		4439			85
98		8340			144131
99		16045			118
100		31345			180
101		61819			41224
102		122628			2.31225e+06
103		244112			240
104		486961			182
105		972679			206
106		1.94428e+06			572
107		3.88834e+06			769
108		7.77814e+06			858

p05.pddl
bound		ida*-bfs (exp)		ss-bfs (exp)
68		2			2
69		5			5
70		9			9
71		14			14
72		20			20
73		27			27
74		35			35
75		44			44
76		54			54
77		65			65
78		77			77
79		90			90
80		104			104
81		119			119
82		138			268
83		159			596
84		188			88
85		221			41
86		271			15
87		331			17
88		422			22
89		538			25
90		718			24
91		986			43
92		1443			4827
93		2222			6450
94		3651			3156
95		6300			3705
96		11394			371
97		21268			1195
98		40702			2039
99		79106			81329
100		155493			152881
101		307716			11164
102		611935			4.20623e+06
103		1.22046e+06			240
104		2.43927e+06			66629
105		4.8815e+06			132867
106		9.77825e+06			262903
107		1.95988e+07			525349
108		3.93005e+07			1.0498e+06

p22.pddl
bound		ida*-bfs (exp)		ss-bfs (exp)
212		1			1
213		2			2
214		3			3
215		4			4
216		5			5
217		6			6
218		7			7
219		8			8
220		9			9
221		10			10
222		11			11
223		12			12
224		13			13
225		14			14
226		15			15
227		16			16
228		17			17
229		18			18
230		19			19
231		20			20
232		21			21
233		22			22
234		23			23
235		24			24
236		25			25
237		26			26
238		27			27
239		28			28
240		29			29
241		30			30
242		31			31
243		32			32
244		34			65
245		38			7
246		46			15
247		62			31
248		94			63
249		158			127
250		286			255
251		542			511
252		1054			1023
253		2078			2047
254		4126			4095
255		8222			8191
256		16414			16383
257		32798			32767
258		65566			65535
259		131102			131071
260		262174			262143
261		524319			524288
262		1.04861e+06			1.04858e+06
263		2.09719e+06			2.09716e+06
264		4.19434e+06			4.19433e+06
265		8.38865e+06			8.38862e+06

p01.pddl
bound		ida*-bfs (exp)		ss-bfs (exp)
51		1			1
52		3			3
53		9			7
54		25			15

p10.pddl
bound		ida*-bfs (exp)		ss-bfs (exp)
91		3			3
92		9			9
93		19			19
94		34			34
95		55			55
96		83			83
97		119			119
98		164			164
99		219			219
100		285			285
101		363			363
102		462			849
103		592			55
104		799			113
105		1156			277
106		1891			205
107		3469			51
108		7123			72
109		15649			230
110		35841			569
111		83332			6493
112		194579			2493
113		452767			3466
114		1.04728e+06			80456
115		2.40468e+06			1850
116		5.48087e+06			4.80928e+07

p04.pddl
bound		ida*-bfs (exp)		ss-bfs (exp)
94		1			1
109		2			2
113		6			6
121		7			7
122		10			11
123		12			12
124		14			14
125		21			20
126		23			23
127		25			26
128		27			29
129		29			32
130		32			15
131		40			41
132		55			60
133		65			77
134		76			97
135		88			117
136		101			173
137		115			208
138		130			246
139		146			287
140		173			359
141		227			298
142		265			350
143		307			501
144		353			563
145		408			654
146		468			456
147		544			207
148		622			266
149		711			292
150		828			353
151		978			425
152		1143			486
153		1338			3142
154		1581			1424
155		1879			1650
156		2254			524
157		2744			2207
158		3394			1755
159		4352			2257
160		5820			4836
161		8217			606
162		12375			7679
163		19982			29408
164		34215			17930
165		61618			2514
166		115150			1437
167		220704			4.67594e+06
168		430102			545
169		846877			1598
170		1.67801e+06			815
171		3.33735e+06			6460
172		6.65279e+06			56959
173		1.328e+07			28357
174		2.65302e+07			397574
175		5.30267e+07			746609
176		1.06017e+08			4179

p26.pddl
bound		ida*-bfs (exp)		ss-bfs (exp)
144		1			1
145		2			2
146		3			3
147		4			4
148		5			5
149		6			6
150		7			7
151		8			8
152		9			9
153		10			10
154		11			11
155		12			12
156		14			25
157		17			7
158		22			103
159		30			31
160		44			63
161		69			831
162		116			255
163		206			159
164		382			1023
165		729			2047
166		1418			4095
167		2790			25
168		5530			10
169		11006			230
170		21955			31
171		43845			64

p06.pddl
bound		ida*-bfs (exp)		ss-bfs (exp)
72		1			1
73		2			2
74		3			3
75		4			4
76		5			5
77		7			7
78		10			10
79		14			14
80		19			19
81		25			25
82		32			32
83		40			40
84		50			89
85		62			14
86		76			17
87		94			24
88		114			19
89		141			25
90		175			16
91		222			64
92		282			290
93		361			276
94		461			143
95		589			21
96		751			60
97		956			338
98		1215			2658
99		1547			225
100		1974			254
101		2557			443
102		3384			253
103		4701			230
104		6994			557
105		11558			394
106		21599			128
107		45894			1025
108		108573			87228
109		278302			620586
110		752787			4.43064e+06
111		2.10934e+06			678
112		6.0464e+06			29842
113		1.7593e+07			13894

p17.pddl
bound		ida*-bfs (exp)		ss-bfs (exp)
275		3			3
277		5			5
281		7			7
282		10			7
284		11			7
288		20			24
289		21			24
290		26			28
293		32			36
294		43			46
295		72			43
296		83			117
297		103			102
298		108			104
299		125			74
300		136			74
301		187			202
302		218			106
303		250			207
304		279			167
305		295			132
306		335			266
307		392			269
308		483			540
309		563			288
310		639			294
311		713			570
312		797			576
313		902			217
314		1168			176
315		1388			803
316		1630			2665
317		1901			2515
318		2102			1195
319		2441			464
320		2839			320
321		3522			2496
322		4123			534
323		4708			2133
324		5299			9688
325		5845			2326
326		6630			12107
327		7829			4849
328		9328			8445
329		10634			7098
330		11994			8342
331		13305			8496
332		15051			10343
333		17868			6605
334		20848			6031
335		24280			7979
336		27322			21813
337		31215			17141
338		35350			12695
339		40585			3130
340		48234			28745
341		56388			3637
342		64368			17231
343		72900			38040

p20.pddl
bound		ida*-bfs (exp)		ss-bfs (exp)
269		2			2
271		3			3
282		6			6
283		9			9
284		12			14
285		15			15
288		20			16
290		24			24
291		25			25
292		26			26
293		27			27
294		31			24
295		39			39
296		57			80
297		74			58
298		93			153
299		105			115
300		106			66
301		113			69
302		139			88
303		149			77
304		196			67
305		215			150
306		239			459
307		275			309
308		310			164
309		371			317
310		458			178
311		529			1319
312		630			333
313		713			263
314		794			1674
315		921			245
316		1076			194
317		1276			469
318		1535			478
319		1793			2034
320		2068			2212
321		2458			936
322		2928			3233
323		3576			3171
324		4292			1242
325		5058			13863
326		6001			1198
327		6962			3553
328		8314			3240
329		9748			9003
330		11870			3929
331		13952			2033
332		16946			17545
333		20029			5498
334		23961			6644
335		28733			19169
336		34612			63707
337		41705			25698
338		50406			7740

p23.pddl
bound		ida*-bfs (exp)		ss-bfs (exp)
209		1			1
210		3			3
211		6			6
212		10			10
213		15			15
214		21			21
215		28			28
216		36			36
217		45			45
218		55			55
219		66			66
220		78			78
221		91			91
222		105			105
223		120			120
224		136			136
225		153			153
226		171			171
227		190			190
228		210			210
229		231			231
230		253			253
231		276			276
232		300			300
233		325			325
234		351			351
235		378			378
236		406			406
237		435			435
238		465			465
239		496			496
240		528			528
241		561			561
242		595			595
243		630			630
244		666			666
245		703			703
246		741			741
247		780			780
248		820			820
249		861			861
250		904			1764
251		950			8
252		999			7392
253		1055			33
254		1118			41
255		1196			107
256		1289			161
257		1409			540
258		1556			186
259		1746			896
260		1979			44
261		2275			53
262		2634			535
263		3083			791
264		3624			1361
265		4292			1181
266		5097			608
267		6098			129
268		7347			147
269		9001			167
270		11314			189
271		14885			213
272		20906			4687
273		31986			267
274		53583			577
275		97356			2482
276		187877			2615
277		377087			399
278		774208			647

p21.pddl
bound		ida*-bfs (exp)		ss-bfs (exp)
160		1			1
317		3			3
318		9			9
319		17			17
320		33			33
321		65			65
322		129			129
323		257			257
324		513			513
325		1025			1025
326		2049			2049
327		4097			4097
328		8193			8193
329		16385			16385
330		32769			32769
331		65537			65537
332		131073			131073
333		262145			262145
334		524289			524289
335		1.04858e+06			1.04858e+06
336		2.09715e+06			2.09715e+06
337		4.1943e+06			4.1943e+06
338		8.38861e+06			8.38861e+06
339		1.67772e+07			1.67772e+07
340		3.35544e+07			3.35544e+07

p03.pddl
bound		ida*-bfs (exp)		ss-bfs (exp)
95		2			2
96		8			8
97		31			29
98		96			83
99		304			272
100		854			812
101		2509			2162
102		6767			5943
103		19209			17016
104		50769			42108
105		141552			112368
106		370027			308841
107		1.0213e+06			799248
108		2.65292e+06			1.58884e+06
109		7.27918e+06			7.50389e+06
110		1.88379e+07			2.64773e+07
111		5.15077e+07			3.78207e+07
112		1.33002e+08			8.4716e+07

p24.pddl
bound		ida*-bfs (exp)		ss-bfs (exp)
255		1			1
256		2			2
257		3			3
258		4			4
259		5			5
260		6			6
261		7			7
262		8			8
263		9			9
264		10			10
265		11			11
266		12			12
267		13			13
268		14			14
269		15			15
270		16			16
271		17			17
272		18			18
273		19			19
274		20			20
275		21			21
276		22			22
277		23			23
278		24			24
279		25			25
280		26			26
281		27			27
282		28			28
283		29			29
284		30			30
285		31			31
286		32			32
287		33			33
288		34			34
289		35			35
290		36			36
291		37			37
292		38			38
293		39			39
294		40			40
295		41			41
296		42			42
297		43			43
298		46			130
299		50			13
300		57			10
301		68			121
302		86			202
303		118			19
304		173			22
305		278			175
306		470			28
307		848			31
308		1569			34
309		3004			37
310		5806			40
311		11402			43
312		22461			4
313		44570			15430
314		88526			20614
315		176430			34425

p09.pddl
bound		ida*-bfs (exp)		ss-bfs (exp)
66		1			1
67		2			2
68		4			4
69		7			7
70		12			11
71		20			25
72		34			22
73		59			97
74		106			37
75		196			58
76		373			57
77		721			1539
78		1412			3077
79		2787			16
80		5530			19
81		11011			16
82		21967			33
83		43873			51
84		87679			91
85		175297			33
86		350564			370
87		701226			2975
88		1.4029e+06			3687
89		2.80728e+06			420
90		5.61882e+06			119
91		1.12499e+07			75

p08.pddl
bound		ida*-bfs (exp)		ss-bfs (exp)
76		1			1
90		4			4
91		8			7
92		11			13
93		15			10
94		19			13
95		25			36
96		36			20
97		54			55
98		89			197
99		155			360
100		285			683
101		543			1326
102		1058			2609
103		2085			5172
104		4143			5175
105		8257			4115
106		16477			110
107		32905			52
108		65751			214
109		131435			501
110		262814			2171
111		525611			6346
112		1.05128e+06			612
113		2.10281e+06			179
114		4.20626e+06			10170
115		8.41404e+06			150

p16.pddl
bound		ida*-bfs (exp)		ss-bfs (exp)
271		3			3
276		5			5
280		7			7
282		9			9
283		15			14
284		21			19
285		22			19
286		28			23
287		34			27
288		36			67
289		42			45
290		47			30
291		56			48
292		64			40
293		67			40
294		76			60
295		88			53
296		103			155
297		118			177
298		146			106
299		182			108
300		231			210
301		286			292
302		330			740
303		393			837
304		482			369
305		582			800
306		696			543
307		821			3112
308		937			471
309		1042			755
310		1215			2051
311		1400			2280
312		1662			3781
313		2008			1102
314		2353			640
315		2815			14911
316		3408			1077
317		4172			856
318		5076			976
319		6278			32512
320		7616			3815
321		9323			9127
322		11229			1697
323		13509			6029
324		16020			3006
325		19015			1537
326		22558			1513
327		26903			3723
328		32239			3337
329		38578			3152
330		45966			6345
331		55295			6549
332		66573			83237
333		80970			44859
334		98601			571676

p11.pddl
bound		ida*-bfs (exp)		ss-bfs (exp)
213		1			1
243		3			3
273		5			5
303		15			15
333		23			23
334		25			25
363		65			65
365		69			69
379		71			71
380		75			75
381		83			83
382		99			99
383		131			131
384		195			195
385		323			323
386		579			579
387		1091			1091
388		2115			2115
389		4163			4163
390		8259			8259
391		16451			16451
392		32835			32835
393		65635			65635
394		131179			115
395		262251			786523
396		524395			115
397		1.04868e+06			115
398		2.09726e+06			115
399		4.19441e+06			115
400		8.38872e+06			115
401		1.67773e+07			115

p27.pddl
bound		ida*-bfs (exp)		ss-bfs (exp)
179		1			1
203		4			4
204		6			6
205		9			9
206		12			11
207		16			14
208		20			24
209		25			31
210		30			25
211		37			29
212		45			35
213		56			174
214		71			82
215		95			127
216		135			69
217		208			104
218		345			66
219		611			1579
220		1135			109
221		2170			116
222		4229			20529
223		8337			121
224		16541			259
225		32938			163869

p02.pddl
bound		ida*-bfs (exp)		ss-bfs (exp)
55		1			1
56		3			3
57		7			7
58		15			15
59		31			31
60		63			63
61		127			127
62		255			255
63		511			511
64		1023			1023
65		2047			2047
66		4095			4095
67		8191			8191
68		16383			16383
69		32767			32767
70		65536			65536
71		131076			131076
72		262160			262160
73		524336			524336
74		1.0487e+06			1.0487e+06
75		2.09748e+06			2.09748e+06
76		4.19508e+06			4.19509e+06
77		8.39044e+06			8.39044e+06
78		1.67814e+07			1.67815e+07
79		3.35639e+07			2147
80		6.71301e+07			1.09082e+08
81		1.34265e+08			22942
82		2.6854e+08			43443
83		5.371e+08			87883
