	Report:		ida*-bfs-vs-ss-bfs - using hmax heuristic - 1 probe.

woodworking-opt08-strips

p14.pddl
bound		ida*-bfs (exp)		ss-bfs (exp)
45		1			1
60		2			2
65		3			3
70		6			6
75		21			21
80		51			57
85		164			98
90		544			86
95		1840			809
100		6534			89
105		25210			251
110		87304			1025
115		292929			5687
120		1.05684e+06			45683
125		3.71145e+06			14379
130		1.23204e+07			17887
135		4.22435e+07			24585
140		1.46621e+08			172759

p19.pddl
bound		ida*-bfs (exp)		ss-bfs (exp)
60		1			1
80		3			3
90		36			37
95		52			103
100		241			243
105		542			287
110		3627			651
115		13592			167
120		94476			1165
125		471028			1653
130		2.99274e+06			2893

p29.pddl
bound		ida*-bfs (exp)		ss-bfs (exp)
105		1			1
110		4			4
115		10			10
125		95			79
130		122			142
135		1931			613
140		3117			1366
145		42142			131695
150		93440			721
155		937140			4072
160		2.91348e+06			3221

p18.pddl
bound		ida*-bfs (exp)		ss-bfs (exp)
75		1			1
90		2			2
100		4			4
105		30			28
110		40			32
115		158			146
120		289			394
125		1066			1002
130		2833			2406
135		15718			1475
140		56151			3245
145		336669			11943
150		1.47149e+06			9307
155		8.52781e+06			678511

p15.pddl
bound		ida*-bfs (exp)		ss-bfs (exp)
75		1			1
80		2			2
85		5			5
90		10			12
95		51			41
100		106			198
105		799			814
110		2140			1336
115		17107			574
120		60635			799
125		414691			2372
130		1.74888e+06			8201
135		1.03788e+07			24585
140		4.76053e+07			37323

p25.pddl
bound		ida*-bfs (exp)		ss-bfs (exp)
105		1			1
110		2			2
115		4			4
125		34			34
130		45			41
135		737			644
140		1335			1339
145		17311			234
150		45493			596
155		428681			4837
160		1.57649e+06			3836
165		1.07909e+07			13160

p12.pddl
bound		ida*-bfs (exp)		ss-bfs (exp)
60		1			1
70		3			3
80		13			9
90		67			27
95		76			45
100		134			35
105		425			83
110		916			407
115		1085			231
120		2604			327
125		5886			1841
130		9824			5705
135		21254			3041
140		38992			3763
145		71511			3763
150		149981			6725
155		317716			14685
160		528952			14145
165		1.10564e+06			36659
170		2.30967e+06			53195
175		4.23023e+06			119243
180		8.30342e+06			236161
185		1.74681e+07			523065
190		3.28075e+07			890241
195		6.35551e+07			1.72686e+07
200		1.33861e+08			2.7787e+06

p13.pddl
bound		ida*-bfs (exp)		ss-bfs (exp)
60		1			1
70		3			3
75		4			4
80		23			23
85		43			83
90		295			171
95		805			225
100		3889			24499
105		13759			123
110		52031			636
115		190075			1102
120		650433			19694
125		2.11288e+06			63848
130		7.1169e+06			13345
135		2.12007e+07			33714
140		6.56617e+07			84993

p30.pddl
bound		ida*-bfs (exp)		ss-bfs (exp)
105		1			1
115		6			6
125		53			37
135		869			88
140		967			463
145		17161			566
150		25948			566
155		416598			4673
160		903811			4673
165		1.0795e+07			1.01769e+09

p07.pddl
bound		ida*-bfs (exp)		ss-bfs (exp)
60		1			1
70		6			6
75		15			19
80		59			70
85		181			79
90		762			2649
95		2575			230
100		10238			215
105		39216			390
110		153304			2394
115		608349			772
120		2.49015e+06			15081
125		1.01467e+07			20265

p05.pddl
bound		ida*-bfs (exp)		ss-bfs (exp)
50		1			1
80		16			16
85		18			16
90		65			16
95		90			91
100		269			166
105		412			316
110		1803			3016
115		3432			3316
120		15662			5116
125		38122			855481
130		150696			6301
135		421071			6571
140		1.51264e+06			30076
145		4.4792e+06			46996
150		1.52214e+07			162391

p22.pddl
bound		ida*-bfs (exp)		ss-bfs (exp)
60		1			1
70		3			3
80		11			15
90		19			19
95		35			35
100		77			25
105		101			25
110		241			85
115		365			73
120		675			433
125		1263			1361
130		2395			8921
135		3919			4373
140		8517			13465
145		14709			14461
150		27171			19675
155		56235			7337
160		105033			14597
165		188407			21589
170		404575			35207
175		782265			78083
180		1.42494e+06			69563
185		3.21408e+06			117887

p01.pddl
bound		ida*-bfs (exp)		ss-bfs (exp)
80		2			2
90		9			13
95		18			26
100		50			79
105		120			372
110		303			564
115		725			1170
120		1721			3802
125		4191			6317
130		9594			28020
135		23038			24204
140		53993			3554
145		124910			6224
150		289302			112087
155		675581			483496
160		1.55208e+06			82563
165		3.55652e+06			381509
170		8.19611e+06			456105

p10.pddl
bound		ida*-bfs (exp)		ss-bfs (exp)
75		1			1
85		3			3
95		17			15
100		22			15
105		283			230
110		525			278
115		4670			516
120		12883			690
125		97201			3680
130		368100			1210
135		2.27833e+06			64115

p04.pddl
bound		ida*-bfs (exp)		ss-bfs (exp)
60		1			1
70		2			2
75		3			3
80		8			8
85		14			14
90		75			74
95		87			89
100		710			70
105		926			198
110		8846			3651
115		12840			9091
120		108365			1627
125		169006			38379
130		1.30205e+06			239451
135		2.21813e+06			3554
140		1.31859e+07			23025
145		2.38291e+07			85801

p26.pddl
bound		ida*-bfs (exp)		ss-bfs (exp)
60		1			1
70		4			4
75		8			8
80		50			52
85		133			126
90		1045			1497
95		4734			2785
100		30755			43500
105		182245			397
110		1.09017e+06			1571
115		6.79585e+06			4.25835e+07

p06.pddl
bound		ida*-bfs (exp)		ss-bfs (exp)
105		1			1
110		3			3
115		8			9
125		61			86
130		91			172
135		986			1122
140		1889			168
145		16166			7889
150		42024			10198
155		259467			819
160		897928			1853
165		3.98687e+06			4489
170		1.63566e+07			16436
175		6.05817e+07			22244

p17.pddl
bound		ida*-bfs (exp)		ss-bfs (exp)
60		1			1
70		6			5
75		13			12
80		73			42
85		280			142
90		1613			324
95		9474			548
100		60275			2807
105		402850			4471
110		2.78402e+06			363275
115		1.89352e+07			6986

p20.pddl
bound		ida*-bfs (exp)		ss-bfs (exp)
60		1			1
70		3			3
75		7			10
80		24			35
85		43			38
90		226			46
95		590			119
100		2796			314
105		10095			481
110		47841			2464
115		199826			3212
120		952970			1.61274e+06
125		4.34587e+06			2380

p28.pddl
bound		ida*-bfs (exp)		ss-bfs (exp)
75		1			1
85		3			3
95		15			15
105		171			209
110		211			257
115		2015			229
120		2983			333
125		28932			1179
130		50464			1975
135		458310			4131
140		933258			63165
145		7.37105e+06			10739

p23.pddl
bound		ida*-bfs (exp)		ss-bfs (exp)
60		1			1
70		4			4
75		5			5
80		20			15
85		28			24
90		93			65
95		196			73
100		536			41
105		1070			73
110		3042			613
115		7195			1033
120		17621			26849
125		43015			9803
130		111708			59945
135		275275			23107
140		700770			172093
145		1.80798e+06			931765
150		4.65243e+06			261189
155		1.20153e+07			219137
160		3.15372e+07			6.90746e+06
165		8.27478e+07			1.64427e+07
170		2.17045e+08			7.59172e+06

p21.pddl
bound		ida*-bfs (exp)		ss-bfs (exp)
40		1			1
60		2			2
65		3			3
70		7			7
75		12			16
80		30			32
85		56			74
90		141			57
95		468			166

p03.pddl
bound		ida*-bfs (exp)		ss-bfs (exp)
105		3			3
115		11			11
125		66			154
130		70			236
135		704			90
140		860			90
145		7468			6432
150		10998			1903
155		84121			2674
160		154640			4236
165		927598			15943
170		2.06641e+06			48377
175		1.04184e+07			136824
180		2.71615e+07			121508
185		1.17677e+08			182130

p24.pddl
bound		ida*-bfs (exp)		ss-bfs (exp)
60		1			1
70		2			2
75		5			3
80		15			6
85		24			30
90		69			78
95		150			170
100		485			113
105		1243			391
110		4666			177
115		15819			561
120		62603			4108
125		246179			7899
130		1.02661e+06			16961
135		4.24399e+06			135253
140		1.78134e+07			1.6981e+06
145		7.27601e+07			1.41425e+06

p09.pddl
bound		ida*-bfs (exp)		ss-bfs (exp)
75		1			1
85		5			5
90		19			27
95		57			125
100		203			51
105		967			34
110		3354			106
115		13654			120
120		62773			38706
125		255957			13259
130		1.10668e+06			1875
135		5.22433e+06			30667
140		2.34503e+07			192717

p08.pddl
bound		ida*-bfs (exp)		ss-bfs (exp)
75		1			1
85		5			5
90		12			15
95		49			21
100		125			21
105		592			1384
110		1782			6133
115		7949			247
120		27998			2028
125		129849			1668
130		504995			55345
135		2.4202e+06			3155
140		1.04937e+07			36450

p16.pddl
bound		ida*-bfs (exp)		ss-bfs (exp)
60		1			1
70		4			3
80		32			21
85		94			27
90		368			591
95		1858			45
100		9069			9101
105		35724			1043
110		177975			2411
115		710027			5251
120		2.40917e+06			12511
125		1.01918e+07			28709
130		4.16458e+07			36429

p11.pddl
bound		ida*-bfs (exp)		ss-bfs (exp)
50		1			1
60		3			3
70		6			6
75		7			7
80		20			15
85		26			18
90		81			55
95		109			124
100		264			226
105		416			374
110		1046			659
115		1812			1327
120		4511			789
125		8855			1442
130		20201			26910

p27.pddl
bound		ida*-bfs (exp)		ss-bfs (exp)
60		1			1
70		2			2
80		7			7
85		11			13
90		55			45
95		127			67
100		535			55
105		1554			125
110		6286			390
115		19208			822
120		77049			1160
125		249048			311518
130		889101			626773
135		2.78447e+06			63005
140		1.01966e+07			64513

p02.pddl
bound		ida*-bfs (exp)		ss-bfs (exp)
75		1			1
80		2			2
85		3			3
90		12			8
95		35			73
100		82			19
105		227			76
110		662			157
115		1584			233
120		4077			1225
125		11291			56829
130		28311			715
135		72580			3247
140		195551			6788
145		497457			11319
150		1.26559e+06			107841
155		3.33987e+06			1.17995e+06
160		8.51305e+06			45785
165		2.15841e+07			201852
170		5.60019e+07			5.7256e+06
175		1.43339e+08			3.78884e+06
