Experiment 2: parcprinter-opt11-strips using gapdb_deep heuristic with 5000 probes



instance_name: p01_F_751642.csv

A*:	{
		(0_gapdb,636)
		(1_ipdb,373)
		(2_gapdb,1671)
		(3_gapdb,482)
		(4_lmcut,613)
		(5_gapdb,1067)
		(6_gapdb,2432)
		(7_gapdb,1301)
		(8_gapdb,484)
		(9_gapdb,615)
		(10_gapdb,778)
		(11_mands,260)
		(12_gapdb,656)
	}
ss:	{
		(0_ipdb,461207),
		(1_gapdb,1.90855e+06),
		(2_lmcut,1.37011e+06),
		(3_gapdb,1.90855e+06),
		(4_gapdb,1.07406e+08),
		(5_gapdb,2.90392e+06),
		(6_gapdb,737578),
		(7_gapdb,1.93343e+06),
		(8_mands,57474.1),
		(9_gapdb,4.89298e+06),
		(10_gapdb,5.01952e+06),
		(11_gapdb,2.49868e+09),
		(12_gapdb,4.64318e+07),
	}

Measure_1:

-A* h1/h2
	1	1.70509	0.38061	1.3195	1.03752	0.596064	0.261513	0.488855	1.31405	1.03415	0.817481	2.44615	0.969512
	0.586478	1	0.22322	0.773859	0.608483	0.349578	0.153372	0.286703	0.770661	0.606504	0.479434	1.43462	0.568598
	2.62736	4.47989	1	3.4668	2.72594	1.56607	0.687089	1.2844	3.45248	2.71707	2.14781	6.42692	2.54726
	0.757862	1.29223	0.28845	1	0.786297	0.451734	0.198191	0.370484	0.995868	0.78374	0.619537	1.85385	0.734756
	0.963836	1.64343	0.366846	1.27178	1	0.574508	0.252056	0.471176	1.26653	0.996748	0.787918	2.35769	0.934451
	1.67767	2.86059	0.63854	2.21369	1.74062	1	0.438734	0.820138	2.20455	1.73496	1.37147	4.10385	1.62652
	3.8239	6.52011	1.45542	5.04564	3.96737	2.27929	1	1.86933	5.02479	3.95447	3.12596	9.35385	3.70732
	2.0456	3.48794	0.778576	2.69917	2.12235	1.21931	0.534951	1	2.68802	2.11545	1.67224	5.00385	1.98323
	0.761006	1.29759	0.289647	1.00415	0.78956	0.453608	0.199013	0.372022	1	0.786992	0.622108	1.86154	0.737805
	0.966981	1.64879	0.368043	1.27593	1.00326	0.576382	0.252878	0.472713	1.27066	1	0.790488	2.36538	0.9375
	1.22327	2.08579	0.465589	1.61411	1.26917	0.729147	0.319901	0.598002	1.60744	1.26504	1	2.99231	1.18598
	0.408805	0.697051	0.155595	0.539419	0.424144	0.243674	0.106908	0.199846	0.53719	0.422764	0.33419	1	0.396341
	1.03145	1.75871	0.392579	1.361	1.07015	0.614808	0.269737	0.504228	1.35537	1.06667	0.843188	2.52308	1

-ss h1/h2
	1	0.241653	0.33662	0.241653	0.00429404	0.158822	0.625299	0.238544	8.02461	0.0942589	0.0918828	0.000184581	0.009933
	4.13817	1	1.39299	1	0.0177695	0.657234	2.5876	0.987136	33.2072	0.390059	0.380227	0.000763826	0.0411045
	2.97071	0.717879	1	0.717879	0.0127563	0.471814	1.85758	0.708644	23.8387	0.280015	0.272957	0.000548334	0.029508
	4.13817	1	1.39299	1	0.0177695	0.657234	2.5876	0.987136	33.2072	0.390059	0.380227	0.000763826	0.0411045
	232.881	56.2763	78.3924	56.2763	1	36.9867	145.62	55.5523	1868.78	21.9511	21.3977	0.0429853	2.31321
	6.29635	1.52153	2.11948	1.52153	0.0270368	1	3.9371	1.50196	50.5257	0.593487	0.578526	0.00116218	0.0625416
	1.59923	0.386459	0.538335	0.386459	0.00686718	0.253994	1	0.381488	12.8332	0.150742	0.146942	0.000295187	0.0158852
	4.1921	1.01303	1.41115	1.01303	0.018001	0.665798	2.62132	1	33.6399	0.395143	0.385182	0.00077378	0.0416401
	0.124617	0.0301139	0.0419485	0.0301139	0.000535109	0.0197919	0.0779227	0.0297266	1	0.0117462	0.0114501	2.30018e-05	0.00123782
	10.6091	2.56371	3.57123	2.56371	0.0455558	1.68496	6.63385	2.53073	85.1337	1	0.974791	0.00195823	0.10538
	10.8834	2.63001	3.66359	2.63001	0.0467339	1.72853	6.80541	2.59618	87.3353	1.02586	1	0.00200887	0.108105
	5417.69	1309.2	1823.71	1309.2	23.2638	860.45	3387.68	1292.36	43474.8	510.665	497.792	1	53.8139
	100.674	24.3283	33.8891	24.3283	0.4323	15.9893	62.9517	24.0153	807.873	9.48947	9.25025	0.0185825	1

Measure_2:
- The heuristics that have the similar ratio are: (diff = 0.5)
	(hss1    ,hss2    )	(ha1     ,ha2     )	(vss1    ,vss2    )	(va1     ,va2     ):	fracss	-	fracastar	=	diff
	(0_ipdb, 5_gapdb)	(0_gapdb, 5_gapdb)	(461207, 2.90392e+06)	(636, 1067)	0.158822	-	0.596064	=	-0.437241
	(8_mands, 5_gapdb)	(8_gapdb, 5_gapdb)	(57474.1, 2.90392e+06)	(484, 1067)	0.0197919	-	0.453608	=	-0.433816
	(3_gapdb, 9_gapdb)	(3_gapdb, 9_gapdb)	(1.90855e+06, 4.89298e+06)	(482, 615)	0.390059	-	0.78374	=	-0.39368
	(8_mands, 7_gapdb)	(8_gapdb, 7_gapdb)	(57474.1, 1.93343e+06)	(484, 1301)	0.0297266	-	0.372022	=	-0.342295
	(3_gapdb, 1_gapdb)	(3_gapdb, 1_ipdb)	(1.90855e+06, 1.90855e+06)	(482, 373)	1	-	1.29223	=	-0.292225
	(0_ipdb, 7_gapdb)	(0_gapdb, 7_gapdb)	(461207, 1.93343e+06)	(636, 1301)	0.238544	-	0.488855	=	-0.250311
	(8_mands, 2_lmcut)	(8_gapdb, 2_gapdb)	(57474.1, 1.37011e+06)	(484, 1671)	0.0419485	-	0.289647	=	-0.247698
	(3_gapdb, 10_gapdb)	(3_gapdb, 10_gapdb)	(1.90855e+06, 5.01952e+06)	(482, 778)	0.380227	-	0.619537	=	-0.239311
	(10_gapdb, 9_gapdb)	(10_gapdb, 9_gapdb)	(5.01952e+06, 4.89298e+06)	(778, 615)	1.02586	-	1.26504	=	-0.23918
	(1_gapdb, 9_gapdb)	(1_ipdb, 9_gapdb)	(1.90855e+06, 4.89298e+06)	(373, 615)	0.390059	-	0.606504	=	-0.216445
	(8_mands, 6_gapdb)	(8_gapdb, 6_gapdb)	(57474.1, 737578)	(484, 2432)	0.0779227	-	0.199013	=	-0.12109
	(1_gapdb, 10_gapdb)	(1_ipdb, 10_gapdb)	(1.90855e+06, 5.01952e+06)	(373, 778)	0.380227	-	0.479434	=	-0.0992078
	(0_ipdb, 2_lmcut)	(0_gapdb, 2_gapdb)	(461207, 1.37011e+06)	(636, 1671)	0.33662	-	0.38061	=	-0.04399
	(9_gapdb, 10_gapdb)	(9_gapdb, 10_gapdb)	(4.89298e+06, 5.01952e+06)	(615, 778)	0.974791	-	0.790488	=	0.184303
	(3_gapdb, 5_gapdb)	(3_gapdb, 5_gapdb)	(1.90855e+06, 2.90392e+06)	(482, 1067)	0.657234	-	0.451734	=	0.2055
	(1_gapdb, 3_gapdb)	(1_ipdb, 3_gapdb)	(1.90855e+06, 1.90855e+06)	(373, 482)	1	-	0.773859	=	0.226141
	(1_gapdb, 5_gapdb)	(1_ipdb, 5_gapdb)	(1.90855e+06, 2.90392e+06)	(373, 1067)	0.657234	-	0.349578	=	0.307655
	(2_lmcut, 0_ipdb)	(2_gapdb, 0_gapdb)	(1.37011e+06, 461207)	(1671, 636)	2.97071	-	2.62736	=	0.343347
	(0_ipdb, 6_gapdb)	(0_gapdb, 6_gapdb)	(461207, 737578)	(636, 2432)	0.625299	-	0.261513	=	0.363786



instance_name: p02_F_137426768.csv

A*:	{
		(0_ipdb,269)
		(1_lmcut,289)
		(2_gapdb,289)
		(3_gapdb,542)
		(4_gapdb,445)
		(5_gapdb,289)
		(6_gapdb,389)
		(7_gapdb,843)
		(8_mands,240)
		(9_gapdb,316)
		(10_gapdb,379)
		(11_gapdb,675)
		(12_gapdb,649)
	}
ss:	{
		(0_ipdb,102233),
		(1_lmcut,102233),
		(2_gapdb,176538),
		(3_gapdb,102233),
		(4_gapdb,1.3081e+06),
		(5_gapdb,340878),
		(6_gapdb,102233),
		(7_mands,84765.2),
		(8_gapdb,663773),
		(9_gapdb,102233),
		(10_gapdb,397518),
		(11_gapdb,156993),
		(12_gapdb,8.92376e+06),
	}

Measure_1:

-A* h1/h2
	1	0.930796	0.930796	0.49631	0.604494	0.930796	0.691517	0.319098	1.12083	0.851266	0.709763	0.398519	0.414484
	1.07435	1	1	0.53321	0.649438	1	0.742931	0.342823	1.20417	0.914557	0.762533	0.428148	0.4453
	1.07435	1	1	0.53321	0.649438	1	0.742931	0.342823	1.20417	0.914557	0.762533	0.428148	0.4453
	2.01487	1.87543	1.87543	1	1.21798	1.87543	1.39332	0.642942	2.25833	1.71519	1.43008	0.802963	0.835131
	1.65428	1.53979	1.53979	0.821033	1	1.53979	1.14396	0.527877	1.85417	1.40823	1.17414	0.659259	0.68567
	1.07435	1	1	0.53321	0.649438	1	0.742931	0.342823	1.20417	0.914557	0.762533	0.428148	0.4453
	1.4461	1.34602	1.34602	0.717712	0.874157	1.34602	1	0.461447	1.62083	1.23101	1.02639	0.576296	0.599384
	3.13383	2.91696	2.91696	1.55535	1.89438	2.91696	2.1671	1	3.5125	2.66772	2.22427	1.24889	1.29892
	0.892193	0.83045	0.83045	0.442804	0.539326	0.83045	0.616967	0.284698	1	0.759494	0.633245	0.355556	0.3698
	1.17472	1.09343	1.09343	0.583026	0.710112	1.09343	0.812339	0.374852	1.31667	1	0.833773	0.468148	0.486903
	1.40892	1.31142	1.31142	0.699262	0.851685	1.31142	0.974293	0.449585	1.57917	1.19937	1	0.561481	0.583975
	2.50929	2.33564	2.33564	1.24539	1.51685	2.33564	1.73522	0.800712	2.8125	2.13608	1.781	1	1.04006
	2.41264	2.24567	2.24567	1.19742	1.45843	2.24567	1.66838	0.76987	2.70417	2.0538	1.7124	0.961481	1

-ss h1/h2
	1	1	0.579098	1	0.078154	0.299911	1	1.20607	0.154018	1	0.257179	0.651196	0.0114563
	1	1	0.579098	1	0.078154	0.299911	1	1.20607	0.154018	1	0.257179	0.651196	0.0114563
	1.72682	1.72682	1	1.72682	0.134958	0.517893	1.72682	2.08268	0.265962	1.72682	0.444102	1.1245	0.019783
	1	1	0.579098	1	0.078154	0.299911	1	1.20607	0.154018	1	0.257179	0.651196	0.0114563
	12.7952	12.7952	7.40971	12.7952	1	3.83744	12.7952	15.432	1.9707	12.7952	3.29066	8.33221	0.146586
	3.33432	3.33432	1.9309	3.33432	0.260591	1	3.33432	4.02144	0.513546	3.33432	0.857516	2.1713	0.038199
	1	1	0.579098	1	0.078154	0.299911	1	1.20607	0.154018	1	0.257179	0.651196	0.0114563
	0.829136	0.829136	0.480151	0.829136	0.0648003	0.248667	0.829136	1	0.127702	0.829136	0.213236	0.53993	0.00949882
	6.49274	6.49274	3.75993	6.49274	0.507434	1.94724	6.49274	7.83073	1	6.49274	1.66979	4.22805	0.0743827
	1	1	0.579098	1	0.078154	0.299911	1	1.20607	0.154018	1	0.257179	0.651196	0.0114563
	3.88835	3.88835	2.25174	3.88835	0.30389	1.16616	3.88835	4.68964	0.598877	3.88835	1	2.53208	0.0445461
	1.53564	1.53564	0.889284	1.53564	0.120016	0.460554	1.53564	1.85209	0.236516	1.53564	0.394933	1	0.0175927
	87.2883	87.2883	50.5485	87.2883	6.82193	26.1787	87.2883	105.276	13.444	87.2883	22.4487	56.8418	1

Measure_2:
- The heuristics that have the similar ratio are: (diff = 0.5)
	(hss1    ,hss2    )	(ha1     ,ha2     )	(vss1    ,vss2    )	(va1     ,va2     ):	fracss	-	fracastar	=	diff
	(2_gapdb, 5_gapdb)	(2_gapdb, 5_gapdb)	(176538, 340878)	(289, 289)	0.517893	-	1	=	-0.482107
	(9_gapdb, 12_gapdb)	(9_gapdb, 12_gapdb)	(102233, 8.92376e+06)	(316, 649)	0.0114563	-	0.486903	=	-0.475447
	(0_ipdb, 10_gapdb)	(0_ipdb, 10_gapdb)	(102233, 397518)	(269, 379)	0.257179	-	0.709763	=	-0.452584
	(6_gapdb, 0_ipdb)	(6_gapdb, 0_ipdb)	(102233, 102233)	(389, 269)	1	-	1.4461	=	-0.446097
	(1_lmcut, 12_gapdb)	(1_lmcut, 12_gapdb)	(102233, 8.92376e+06)	(289, 649)	0.0114563	-	0.4453	=	-0.433844
	(2_gapdb, 12_gapdb)	(2_gapdb, 12_gapdb)	(176538, 8.92376e+06)	(289, 649)	0.019783	-	0.4453	=	-0.425517
	(1_lmcut, 2_gapdb)	(1_lmcut, 2_gapdb)	(102233, 176538)	(289, 289)	0.579098	-	1	=	-0.420902
	(5_gapdb, 12_gapdb)	(5_gapdb, 12_gapdb)	(340878, 8.92376e+06)	(289, 649)	0.038199	-	0.4453	=	-0.407102
	(0_ipdb, 12_gapdb)	(0_ipdb, 12_gapdb)	(102233, 8.92376e+06)	(269, 649)	0.0114563	-	0.414484	=	-0.403028
	(3_gapdb, 6_gapdb)	(3_gapdb, 6_gapdb)	(102233, 102233)	(542, 389)	1	-	1.39332	=	-0.393316
	(5_gapdb, 4_gapdb)	(5_gapdb, 4_gapdb)	(340878, 1.3081e+06)	(289, 445)	0.260591	-	0.649438	=	-0.388848
	(0_ipdb, 2_gapdb)	(0_ipdb, 2_gapdb)	(102233, 176538)	(269, 289)	0.579098	-	0.930796	=	-0.351697
	(6_gapdb, 1_lmcut)	(6_gapdb, 1_lmcut)	(102233, 102233)	(389, 289)	1	-	1.34602	=	-0.346021
	(2_gapdb, 10_gapdb)	(2_gapdb, 10_gapdb)	(176538, 397518)	(289, 379)	0.444102	-	0.762533	=	-0.318431
	(8_gapdb, 12_gapdb)	(8_mands, 12_gapdb)	(663773, 8.92376e+06)	(240, 649)	0.0743827	-	0.3698	=	-0.295417
	(6_gapdb, 9_gapdb)	(6_gapdb, 9_gapdb)	(102233, 102233)	(389, 316)	1	-	1.23101	=	-0.231013
	(11_gapdb, 6_gapdb)	(11_gapdb, 6_gapdb)	(156993, 102233)	(675, 389)	1.53564	-	1.73522	=	-0.199582
	(9_gapdb, 0_ipdb)	(9_gapdb, 0_ipdb)	(102233, 102233)	(316, 269)	1	-	1.17472	=	-0.174721
	(3_gapdb, 11_gapdb)	(3_gapdb, 11_gapdb)	(102233, 156993)	(542, 675)	0.651196	-	0.802963	=	-0.151767
	(10_gapdb, 5_gapdb)	(10_gapdb, 5_gapdb)	(397518, 340878)	(379, 289)	1.16616	-	1.31142	=	-0.145259
	(9_gapdb, 1_lmcut)	(9_gapdb, 1_lmcut)	(102233, 102233)	(316, 289)	1	-	1.09343	=	-0.0934256
	(1_lmcut, 0_ipdb)	(1_lmcut, 0_ipdb)	(102233, 102233)	(289, 269)	1	-	1.07435	=	-0.0743494
	(8_gapdb, 4_gapdb)	(8_mands, 4_gapdb)	(663773, 1.3081e+06)	(240, 445)	0.507434	-	0.539326	=	-0.0318921
	(0_ipdb, 1_lmcut)	(0_ipdb, 1_lmcut)	(102233, 102233)	(269, 289)	1	-	0.930796	=	0.0692042
	(6_gapdb, 11_gapdb)	(6_gapdb, 11_gapdb)	(102233, 156993)	(389, 675)	0.651196	-	0.576296	=	0.0748997
	(1_lmcut, 9_gapdb)	(1_lmcut, 9_gapdb)	(102233, 102233)	(289, 316)	1	-	0.914557	=	0.085443
	(5_gapdb, 10_gapdb)	(5_gapdb, 10_gapdb)	(340878, 397518)	(289, 379)	0.857516	-	0.762533	=	0.0949828
	(4_gapdb, 8_gapdb)	(4_gapdb, 8_mands)	(1.3081e+06, 663773)	(445, 240)	1.9707	-	1.85417	=	0.116534
	(0_ipdb, 9_gapdb)	(0_ipdb, 9_gapdb)	(102233, 102233)	(269, 316)	1	-	0.851266	=	0.148734
	(9_gapdb, 11_gapdb)	(9_gapdb, 11_gapdb)	(102233, 156993)	(316, 675)	0.651196	-	0.468148	=	0.183048
	(9_gapdb, 6_gapdb)	(9_gapdb, 6_gapdb)	(102233, 102233)	(316, 389)	1	-	0.812339	=	0.187661
	(1_lmcut, 11_gapdb)	(1_lmcut, 11_gapdb)	(102233, 156993)	(289, 675)	0.651196	-	0.428148	=	0.223048
	(0_ipdb, 11_gapdb)	(0_ipdb, 11_gapdb)	(102233, 156993)	(269, 675)	0.651196	-	0.398519	=	0.252677
	(1_lmcut, 6_gapdb)	(1_lmcut, 6_gapdb)	(102233, 102233)	(289, 389)	1	-	0.742931	=	0.257069
	(6_gapdb, 3_gapdb)	(6_gapdb, 3_gapdb)	(102233, 102233)	(389, 542)	1	-	0.717712	=	0.282288
	(11_gapdb, 3_gapdb)	(11_gapdb, 3_gapdb)	(156993, 102233)	(675, 542)	1.53564	-	1.24539	=	0.290249
	(0_ipdb, 6_gapdb)	(0_ipdb, 6_gapdb)	(102233, 102233)	(269, 389)	1	-	0.691517	=	0.308483
	(9_gapdb, 3_gapdb)	(9_gapdb, 3_gapdb)	(102233, 102233)	(316, 542)	1	-	0.583026	=	0.416974
	(1_lmcut, 3_gapdb)	(1_lmcut, 3_gapdb)	(102233, 102233)	(289, 542)	1	-	0.53321	=	0.46679

