	Report:		ida*-bfs-vs-ss-bfs - using ipdb heuristic - 1 probe

blocks

probBLOCKS-5-2.pddl
bound		ida*-bfs (exp)		ss-bfs (exp)
8		2			2
10		7			6
12		29			18
14		170			128
15		177			128
16		1497			384

probBLOCKS-9-2.pddl
bound		ida*-bfs (exp)		ss-bfs (exp)
16		3			3
18		16			15
19		18			21
20		98			63
21		118			87
22		793			519
23		987			519
24		9115			2247
25		11097			9633
26		193819			52833

probBLOCKS-8-2.pddl
bound		ida*-bfs (exp)		ss-bfs (exp)
14		82			73
15		84			74
16		4261			27141

probBLOCKS-6-0.pddl
bound		ida*-bfs (exp)		ss-bfs (exp)
10		6			6
11		7			7
12		70			121

probBLOCKS-4-2.pddl
bound		ida*-bfs (exp)		ss-bfs (exp)
6		10			3

probBLOCKS-8-0.pddl
bound		ida*-bfs (exp)		ss-bfs (exp)
12		5			3
13		7			4
14		113			63
15		150			88
16		2316			619
17		3051			817
18		47413			6353

probBLOCKS-4-1.pddl
bound		ida*-bfs (exp)		ss-bfs (exp)
4		1			1
5		2			2
6		4			4
7		6			6
8		12			14
9		17			20
10		48			64

probBLOCKS-5-0.pddl
bound		ida*-bfs (exp)		ss-bfs (exp)
6		3			3
7		4			4
8		16			18
9		20			14
10		79			71
11		98			88
12		464			471

probBLOCKS-7-2.pddl
bound		ida*-bfs (exp)		ss-bfs (exp)
10		3			3
12		29			21
14		256			405
16		2260			273
17		2269			285
18		20469			3021
19		20730			8373
20		201387			80661

probBLOCKS-5-1.pddl
bound		ida*-bfs (exp)		ss-bfs (exp)
6		3			3
7		5			5
8		25			28
9		37			43
10		199			148

probBLOCKS-11-2.pddl
bound		ida*-bfs (exp)		ss-bfs (exp)
16		2			2
18		13			11
20		96			105
22		808			837
23		816			837
24		7581			8469
25		7743			8247
26		79821			81951
27		82829			81951
28		989930			567735
29		1.0491e+06			235545
30		1.54211e+07			2.99286e+06
31		1.66549e+07			2.99286e+06
32		3.08102e+08			2.0183e+07
33		3.35076e+08			2.0183e+07
34		7.54899e+09			4.77264e+08

probBLOCKS-12-1.pddl
bound		ida*-bfs (exp)		ss-bfs (exp)
22		3			3
24		21			21
25		23			21
26		165			111
27		186			141
28		1621			1131
29		1855			651
30		20625			3891
31		23635			4665
32		389465			27993
33		434440			35769
34		1.41259e+07			3.58412e+06

probBLOCKS-7-1.pddl
bound		ida*-bfs (exp)		ss-bfs (exp)
10		2			2
12		15			31
14		97			89
15		99			91
16		644			411
17		668			443
18		5015			10299
19		5324			4075
20		57370			24067
21		62437			26419
22		1.05948e+06			139315

probBLOCKS-8-1.pddl
bound		ida*-bfs (exp)		ss-bfs (exp)
10		5			7
11		7			10
12		94			129
13		127			181
14		1498			2023
15		2001			1853
16		23355			27191
17		30577			40601
18		380001			3.32394e+06
19		482629			3.32782e+06
20		6.71614e+06			7.73276e+06

probBLOCKS-6-2.pddl
bound		ida*-bfs (exp)		ss-bfs (exp)
10		2			2
12		6			6
13		7			6
14		23			14
15		29			18
16		154			58
17		198			78
18		1948			62
19		2448			78
20		32649			238

probBLOCKS-10-0.pddl
bound		ida*-bfs (exp)		ss-bfs (exp)
18		5			3
20		38			11
22		327			35
24		3502			99
25		3505			2599
26		46122			15591
27		46493			15591
28		770552			2.70389e+06
29		796776			2.70389e+06
30		1.70839e+07			3.01341e+07
31		1.8525e+07			3.01341e+07
32		4.87578e+08			7.27758e+06
33		5.56401e+08			7.27758e+06
34		1.62797e+10			8.80452e+07

probBLOCKS-4-0.pddl
bound		ida*-bfs (exp)		ss-bfs (exp)
6		7			7

probBLOCKS-7-0.pddl
bound		ida*-bfs (exp)		ss-bfs (exp)
12		1			1
13		2			2
14		5			6
15		7			8
16		21			10
17		27			14
18		133			22
19		160			30
20		1753			688

probBLOCKS-10-2.pddl
bound		ida*-bfs (exp)		ss-bfs (exp)
18		3			3
20		18			21
22		119			69
23		120			69
24		1149			213
25		1212			213
26		16896			597
27		19211			92613
28		362011			1.25124e+06
29		437903			1.25124e+06
30		1.04763e+07			1.15156e+07
31		1.30125e+07			1.41283e+07
32		3.64288e+08			4.52094e+06
33		4.52207e+08			4.52094e+06
34		1.37079e+10			5.82686e+07

probBLOCKS-6-1.pddl
bound		ida*-bfs (exp)		ss-bfs (exp)
10		65			5

probBLOCKS-11-1.pddl
bound		ida*-bfs (exp)		ss-bfs (exp)
20		23			17
21		28			93
22		1315			1441
23		1618			1657
24		69606			34393
25		86557			78333
26		3.51914e+06			1.81301e+06
27		4.40907e+06			2.51829e+06
28		1.72089e+08			9.42082e+07
29		2.15908e+08			1.07792e+07
30		8.24758e+09			2.01403e+08

probBLOCKS-10-1.pddl
bound		ida*-bfs (exp)		ss-bfs (exp)
18		3			3
20		28			45
22		281			297
24		3574			1833
26		59308			7353
27		59573			86997
28		1.24711e+06			1.2184e+06
29		1.27009e+06			1.2184e+06
30		3.26303e+07			1.1716e+07
31		3.40564e+07			1.47836e+07
32		1.06758e+09			1.86189e+09

probBLOCKS-9-0.pddl
bound		ida*-bfs (exp)		ss-bfs (exp)
14		3			3
16		18			21
18		118			129
20		989			777
22		10038			4665
24		115684			139503
26		1.4694e+06			979311
27		1.47066e+06			979311
28		2.07445e+07			7.69778e+06
29		2.08679e+07			1.2877e+06
30		3.40274e+08			8.84598e+06

probBLOCKS-9-1.pddl
bound		ida*-bfs (exp)		ss-bfs (exp)
14		1			1
16		3			3
18		9			10
20		34			31
22		183			94
24		1352			310
25		1377			310
26		13278			1768
27		14012			1768
28		179863			13432
