	Report:		ida*-bfs-vs-ss-bfs - using hmax heuristic - 100 probes.

nomystery-opt11-strips

p14.pddl
bound		ida*-bfs (exp)		ss-bfs (exp)
4		1			1
5		5			5
6		19			19.08
7		80			79.2
8		318			329.88
9		1292			1354.32
10		5090			4690.2
11		19952			19325.9
12		77430			81069.6
13		301278			335015
14		1.1782e+06			1.85879e+06
15		4.65789e+06			2.75918e+06
16		1.8648e+07			1.38603e+07
17		7.57934e+07			6.72787e+07
18		3.12838e+08			2.75802e+08

p19.pddl
bound		ida*-bfs (exp)		ss-bfs (exp)
5		2			2
6		6			6
7		29			29.02
8		114			111.94
9		569			556.03
10		2681			2800.05
11		13956			13629.6
12		72459			70284.6
13		395141			417769
14		2.17889e+06			2.09248e+06
15		1.23268e+07			1.15346e+07

p18.pddl
bound		ida*-bfs (exp)		ss-bfs (exp)
5		1			1
6		5			5
7		13			12.48
8		62			58.8
9		233			254.66
10		1116			1125.3
11		5050			5225.2
12		25122			23917.9
13		124825			114827
14		643239			658886
15		3.33449e+06			3.5988e+06
16		1.75004e+07			1.84199e+07
17		9.22495e+07			6.13447e+07

p15.pddl
bound		ida*-bfs (exp)		ss-bfs (exp)
4		1			1
5		3			3
6		15			14.96
7		54			53.88
8		229			233.4
9		954			989.46
10		4179			4309.74
11		18139			16746.7
12		80015			73030.4
13		358226			346591
14		1.62867e+06			1.77307e+06
15		7.5308e+06			6.21398e+06
16		3.53041e+07			6.08502e+07
17		1.67843e+08			1.81536e+08

p12.pddl
bound		ida*-bfs (exp)		ss-bfs (exp)
4		3			3
5		8			8
6		33			32.86
7		110			109.43
8		344			354.17
9		1035			1026.79
10		2990			3205.49
11		8603			8925.71
12		24661			25250.4
13		71921			51759.6
14		215522			236901

p13.pddl
bound		ida*-bfs (exp)		ss-bfs (exp)
4		2			2
5		9			8.88
6		37			35.9
7		135			134.98
8		475			468.42
9		1654			1404.83
10		5691			5869.95
11		19689			24289.8
12		68405			85701.1
13		241046			131916
14		860811			744006
15		3.13474e+06			5.53275e+06

p07.pddl
bound		ida*-bfs (exp)		ss-bfs (exp)
5		2			2
6		5			5
7		24			23.85
8		106			105.05
9		523			504.31
10		2568			2518.87
11		13101			12929.9
12		67425			68421.9
13		355115			315480
14		1.89101e+06			1.77365e+06
15		1.02446e+07			9.70893e+06
16		5.60511e+07			5.96401e+07

p05.pddl
bound		ida*-bfs (exp)		ss-bfs (exp)
4		1			1
5		3			3
6		15			15
7		54			52.36
8		229			229.68
9		954			927.56
10		4269			4031.72
11		19527			18514.5
12		92763			91329.8
13		449269			389078
14		2.21295e+06			2.14308e+06
15		1.10676e+07			1.38929e+07
16		5.60323e+07			4.42383e+07

p01.pddl
bound		ida*-bfs (exp)		ss-bfs (exp)
3		1			1
4		4			4
5		14			14.17
6		46			47.05
7		132			141.07
8		410			411.85
9		1162			1072.87
10		3400			3196.27
11		9656			11055.2

p10.pddl
bound		ida*-bfs (exp)		ss-bfs (exp)
5		2			2
6		4			4
7		23			23.48
8		104			102.12
9		623			671
10		3565			3689.07
11		22189			27349.8
12		137422			140436
13		877421			747340
14		5.61268e+06			236901
15		3.64172e+07			4.46119e+07

p04.pddl
bound		ida*-bfs (exp)		ss-bfs (exp)
4		1			1
5		5			5
6		19			18.84
7		80			80.96
8		329			336.92
9		1464			1408.04
10		6501			6064.8
11		29756			32474.2
12		135445			135693
13		619432			658767
14		2.81793e+06			2.26472e+06
15		1.28281e+07			1.15309e+07
16		5.83707e+07			3.84519e+07
17		2.66497e+08			1.46307e+08

p06.pddl
bound		ida*-bfs (exp)		ss-bfs (exp)
5		2			2
6		7			7
7		36			35.4
8		158			153.58
9		774			698.2
10		3796			3586.03
11		19359			19961.6
12		100332			97831.5
13		533406			543359
14		2.88877e+06			2.64856e+06
15		1.59937e+07			1.31287e+07

p17.pddl
bound		ida*-bfs (exp)		ss-bfs (exp)
5		2			2
6		5			5
7		24			24.28
8		106			105.09
9		523			527.31
10		2568			2465.96
11		13081			12148.9
12		66890			63246.1
13		346194			352482
14		1.78478e+06			1.74669e+06
15		9.19785e+06			8.69426e+06
16		4.71007e+07			4.39433e+07

p20.pddl
bound		ida*-bfs (exp)		ss-bfs (exp)
5		2			2
6		4			4
7		23			22.64
8		104			102.84
9		623			612.45
10		3565			3324.28
11		22167			21989.3
12		137075			104418
13		871869			1.02532e+06
14		5.55093e+06			5.67393e+06
15		3.57621e+07			3.39011e+07

p03.pddl
bound		ida*-bfs (exp)		ss-bfs (exp)
4		2			2
5		10			10
6		46			47.02
7		187			180.14
8		743			804.03
9		2858			3153.23
10		10890			10613.3
11		40967			39060
12		154195			107981
13		581047			597881
14		2.20799e+06			2.05433e+06
15		8.47814e+06			8.7917e+06

p09.pddl
bound		ida*-bfs (exp)		ss-bfs (exp)
5		2			2
6		6			6
7		29			28.96
8		114			109.46
9		569			598.12
10		2681			2615.5
11		13956			12207.1
12		72459			74188.2
13		395349			386242
14		2.1852e+06			2.65043e+06
15		1.24405e+07			1.1987e+07

p08.pddl
bound		ida*-bfs (exp)		ss-bfs (exp)
5		1			1
6		5			5
7		13			12.16
8		62			63.8
9		233			228.62
10		1116			1202.82
11		5050			5098.4
12		25135			27103.7
13		125222			120806
14		652745			645464
15		3.45596e+06			4.70056e+06
16		1.88042e+07			1.96708e+07

p16.pddl
bound		ida*-bfs (exp)		ss-bfs (exp)
5		2			2
6		7			7
7		36			37.25
8		158			157.43
9		774			778.33
10		3796			3934.46
11		19343			18039.3
12		99922			96966.1
13		526894			549306
14		2.81287e+06			2.46356e+06
15		1.52284e+07			1.24036e+07
16		8.32922e+07			8.87177e+07

p11.pddl
bound		ida*-bfs (exp)		ss-bfs (exp)
3		1			1
4		4			4
5		10			10
6		30			29.8
7		80			86.11
8		191			181.54
9		462			508.75
10		1082			1046.02
11		2657			2377.54
12		6430			5500.12

p02.pddl
bound		ida*-bfs (exp)		ss-bfs (exp)
4		3			3
5		8			8
6		35			34.88
7		122			122.06
8		483			487.24
9		1758			1883.23
10		6375			6762.17
11		22348			21825.9
12		77589			86880.2
13		267617			200832
14		928947			923360
