	Report:		ida*-bfs-vs-ss-bfs - using hmax heuristic - 100 probes.

tidybot-opt11-strips

p14.pddl
bound		ida*-bfs (exp)		ss-bfs (exp)
9		5			5
10		27			26.8
11		127			125.03
12		575			606.5
13		2236			1987.26
14		9504			9230.96
15		34210			31959.8
16		142108			130601
17		487809			476929
18		2.01548e+06			1.97333e+06

p19.pddl
bound		ida*-bfs (exp)		ss-bfs (exp)
13		8			8
14		51			50.86
15		250			256.07
16		1585			1517.9
17		5222			5189.91
18		34248			34293.3
19		93422			86765.5
20		624050			----zero_info----
21		1.5317e+06			1.37095e+06

p18.pddl
bound		ida*-bfs (exp)		ss-bfs (exp)
9		4			4
10		7			7.04
11		44			44.64
12		115			119.52
13		498			518.46
14		1577			1591.68
15		6134			5858.7
16		20986			21979.8
17		78401			72853.3
18		276476			275665
19		1.01744e+06			1.08196e+06

p15.pddl
bound		ida*-bfs (exp)		ss-bfs (exp)
13		22			22.84
14		288			268.11
15		1886			1834.01
16		11201			12070.2
17		66287			62172.9
18		289088			286147
19		1.67548e+06			1.78335e+06

p12.pddl
bound		ida*-bfs (exp)		ss-bfs (exp)
13		13			13
14		39			37.85
15		256			252.91
16		976			1065.41
17		4242			4282.79
18		19144			20476.3
19		68102			67684.7
20		337874			322019
21		1.08869e+06			1.09089e+06

p13.pddl
bound		ida*-bfs (exp)		ss-bfs (exp)
8		3			3
9		11			10.83
10		43			43.34
11		169			168.46
12		527			546.54
13		2256			2202.58
14		6266			6702.53
15		28808			29650.9
16		74289			72852.4
17		363909			394963
18		889119			829045

p07.pddl
bound		ida*-bfs (exp)		ss-bfs (exp)
7		2			2
8		10			9.85
9		48			47.24
10		227			232.51
11		963			730.68
12		3961			3955.86
13		16426			17679.3
14		64093			66701
15		257457			301408
16		975342			1.04316e+06
17		3.78642e+06			4.11806e+06

p05.pddl
bound		ida*-bfs (exp)		ss-bfs (exp)
16		11			11
17		78			78
18		304			298.83
19		2491			2497.79
20		6856			6984.15
21		56604			50764.5
22		135572			133191
23		1.08652e+06			1.06478e+06
24		2.41259e+06			2.33689e+06

p01.pddl
bound		ida*-bfs (exp)		ss-bfs (exp)
1		1			1
2		8			8
3		49			48.81
4		278			277.15

p10.pddl
bound		ida*-bfs (exp)		ss-bfs (exp)
13		13			13
14		28			27.95
15		236			236.45
16		573			580.26
17		3417			3421.06
18		9699			9536.1
19		46775			49123.6
20		154249			169935
21		639057			633920
22		2.38703e+06			2.40492e+06

p04.pddl
bound		ida*-bfs (exp)		ss-bfs (exp)
16		9			9
17		57			58.4
18		201			196.3
19		1174			1142.9
20		3304			3280.96
21		16719			16768.5
22		46440			49501.6
23		204958			208042
24		593506			554487
25		2.34015e+06			2.33715e+06
26		7.16016e+06			6.94203e+06

p06.pddl
bound		ida*-bfs (exp)		ss-bfs (exp)
16		9			10672.4
17		12			12
18		139			139.59
19		281			263.57
20		1891			----zero_info----
21		5729			5606.09
22		26605			28353.6
23		107616			112358
24		395280			409478
25		1.8902e+06			1.72216e+06
26		6.12089e+06			5.98613e+06

p17.pddl
bound		ida*-bfs (exp)		ss-bfs (exp)
12		6			6
13		33			33
14		137			138.76
15		677			664.54
16		2480			2389.48
17		10810			10752.6
18		40249			38203
19		158401			142563
20		615895			593699
21		2.23564e+06			2.26318e+06

p20.pddl
bound		ida*-bfs (exp)		ss-bfs (exp)
16		9			9
17		10			10
18		125			125
19		157			156.55
20		1378			1378.45
21		2019			2109.82
22		14194			14282.9
23		24521			25664.8
24		142818			142490
25		290031			285339
26		1.44209e+06			1.43676e+06

p03.pddl
bound		ida*-bfs (exp)		ss-bfs (exp)
6		1			1
7		5			4.84
8		25			24.13
9		115			111.21
10		497			477.89
11		2115			1762.09
12		8801			7289.2
13		35920			33816.8
14		145400			182836
15		574649			726618
16		2.27658e+06			1.55637e+06

p09.pddl
bound		ida*-bfs (exp)		ss-bfs (exp)
11		6			6
12		50			50.04
13		251			252.51
14		1151			1163.72
15		5354			5445.03
16		20161			18478.6
17		91084			113430
18		338203			373471
19		1.46782e+06			1.27514e+06

p08.pddl
bound		ida*-bfs (exp)		ss-bfs (exp)
11		6			6
12		28			28
13		93			91.52
14		461			465.8
15		1085			1098.1
16		5371			5368.68
17		11216			10951.6
18		55143			54194.4
19		108888			110378
20		534574			556590
21		1.02578e+06			1.06453e+06
22		5.07366e+06			4.92976e+06

p16.pddl
bound		ida*-bfs (exp)		ss-bfs (exp)
13		13			13
14		19			19
15		232			233.46
16		367			377.6
17		3330			3274.2
18		5855			----zero_info----
19		44421			42976.8
20		86361			79771.2
21		575801			579396
22		1.22509e+06			1.20329e+06

p11.pddl
bound		ida*-bfs (exp)		ss-bfs (exp)
7		2			2
8		6			6
9		23			----zero_info----
10		80			78.7
11		228			210.54
12		866			817.6
13		2122			2078.72
14		8464			8357.11
15		19124			15768.9
16		79258			69827.7
17		170426			134203
18		729384			849675
19		1.52366e+06			1.50881e+06

p02.pddl
bound		ida*-bfs (exp)		ss-bfs (exp)
11		5			5
12		22			22.14
13		77			78.96
14		331			336.36
15		882			870.96
16		3464			3581.14
17		8716			8253.92
18		31362			31285.4
19		78201			75335.9
20		261164			259210
21		655382			633936
22		2.06138e+06			2.00155e+06
23		5.23236e+06			5.07889e+06
24		1.57105e+07			1.41332e+07
