	Report:		ida*-bfs-vs-ss-bfs - using ipdb heuristic - 10 probes

blocks

probBLOCKS-5-2.pddl
bound		ida*-bfs (exp)		ss-bfs (exp)
8		2			2
10		7			6.8
12		29			31.8
14		170			141.6
15		177			141.6
16		1497			1460.6

probBLOCKS-9-2.pddl
bound		ida*-bfs (exp)		ss-bfs (exp)
16		3			3
18		16			15.2
19		18			16.4
20		98			92.2
21		118			112.6
22		793			674.6
23		987			854.6
24		9115			7408.6
25		11097			12005
26		193819			129321

probBLOCKS-8-2.pddl
bound		ida*-bfs (exp)		ss-bfs (exp)
14		82			61.4
15		84			64
16		4261			1004.1

probBLOCKS-6-0.pddl
bound		ida*-bfs (exp)		ss-bfs (exp)
10		6			6
11		7			7
12		70			62.3

probBLOCKS-4-2.pddl
bound		ida*-bfs (exp)		ss-bfs (exp)
6		10			7

probBLOCKS-8-0.pddl
bound		ida*-bfs (exp)		ss-bfs (exp)
12		5			4.6
13		7			6.4
14		113			190.5
15		150			102.8
16		2316			5118.7
17		3051			6474.7
18		47413			20976.4

probBLOCKS-4-1.pddl
bound		ida*-bfs (exp)		ss-bfs (exp)
4		1			1
5		2			2
6		4			4
7		6			6
8		12			12.4
9		17			17.6
10		48			35.6

probBLOCKS-5-0.pddl
bound		ida*-bfs (exp)		ss-bfs (exp)
6		3			3
7		4			4
8		16			16.4
9		20			20.4
10		79			89.5
11		98			109.2
12		464			464.1

probBLOCKS-7-2.pddl
bound		ida*-bfs (exp)		ss-bfs (exp)
10		3			3
12		29			37.8
14		256			367.8
16		2260			1430.4
17		2269			1434
18		20469			20153.4
19		20730			68545.2
20		201387			213839

probBLOCKS-5-1.pddl
bound		ida*-bfs (exp)		ss-bfs (exp)
6		3			3
7		5			5
8		25			21.3
9		37			39.8
10		199			157.7

probBLOCKS-11-2.pddl
bound		ida*-bfs (exp)		ss-bfs (exp)
16		2			2
18		13			13.4
20		96			90.6
22		808			877.6
23		816			1176.2
24		7581			6231.6
25		7743			6271.2
26		79821			81636.8
27		82829			83230.8
28		989930			636365
29		1.0491e+06			692234
30		1.54211e+07			3.21036e+07
31		1.66549e+07			1.42052e+07
32		3.08102e+08			1.11542e+08
33		3.35076e+08			1.20384e+08
34		7.54899e+09			6.81352e+09

probBLOCKS-12-1.pddl
bound		ida*-bfs (exp)		ss-bfs (exp)
22		3			3
24		21			20.4
25		23			22.8
26		165			171
27		186			184.2
28		1621			993.6
29		1855			1189.8
30		20625			19913.4
31		23635			24039.6
32		389465			214996
33		434440			240288
34		1.41259e+07			1.86837e+06

probBLOCKS-7-1.pddl
bound		ida*-bfs (exp)		ss-bfs (exp)
10		2			2
12		15			11.8
14		97			104.2
15		99			106.2
16		644			460.4
17		668			480.2
18		5015			6854.8
19		5324			7439.4
20		57370			46729.6
21		62437			54816.4
22		1.05948e+06			431326

probBLOCKS-8-1.pddl
bound		ida*-bfs (exp)		ss-bfs (exp)
10		5			5.4
11		7			7.6
12		94			106.6
13		127			141.8
14		1498			1259
15		2001			1556.8
16		23355			24440.6
17		30577			31648.2
18		380001			560062
19		482629			322890
20		6.71614e+06			8.56083e+06

probBLOCKS-6-2.pddl
bound		ida*-bfs (exp)		ss-bfs (exp)
10		2			2
12		6			6
13		7			7.2
14		23			22
15		29			37.8
16		154			152.2
17		198			201.2
18		1948			7367.4
19		2448			9008.4
20		32649			6690.8

probBLOCKS-10-0.pddl
bound		ida*-bfs (exp)		ss-bfs (exp)
18		5			5.4
20		38			31.2
22		327			300.6
24		3502			3173.8
25		3505			3173.8
26		46122			87107.2
27		46493			85842.8
28		770552			3.02006e+06
29		796776			306306
30		1.70839e+07			2.08843e+06
31		1.8525e+07			2.08843e+06
32		4.87578e+08			4.65529e+06
33		5.56401e+08			4.65529e+06
34		1.62797e+10			5.36056e+08

probBLOCKS-4-0.pddl
bound		ida*-bfs (exp)		ss-bfs (exp)
6		7			7

probBLOCKS-7-0.pddl
bound		ida*-bfs (exp)		ss-bfs (exp)
12		1			1
13		2			2
14		5			5.2
15		7			7.2
16		21			18.2
17		27			22
18		133			90
19		160			113.4
20		1753			1911

probBLOCKS-10-2.pddl
bound		ida*-bfs (exp)		ss-bfs (exp)
18		3			3
20		18			18.2
22		119			77
23		120			77
24		1149			9428.6
25		1212			9774.2
26		16896			3516.2
27		19211			3516.2
28		362011			149174
29		437903			45203.6
30		1.04763e+07			9.87727e+06
31		1.30125e+07			1.29462e+07
32		3.64288e+08			3.18775e+07
33		4.52207e+08			3.6683e+07
34		1.37079e+10			3.80885e+08

probBLOCKS-6-1.pddl
bound		ida*-bfs (exp)		ss-bfs (exp)
10		65			85.8

probBLOCKS-11-1.pddl
bound		ida*-bfs (exp)		ss-bfs (exp)
20		23			18.2
21		28			23.4
22		1315			902.6
23		1618			1110.2
24		69606			35602.6
25		86557			36999
26		3.51914e+06			572397
27		4.40907e+06			735608
28		1.72089e+08			1.82116e+08
29		2.15908e+08			2.7189e+08
30		8.24758e+09			1.55996e+09

probBLOCKS-10-1.pddl
bound		ida*-bfs (exp)		ss-bfs (exp)
18		3			3
20		28			23.4
22		281			360.6
24		3574			2116.2
26		59308			17970
27		59573			18229.2
28		1.24711e+06			648307
29		1.27009e+06			648307
30		3.26303e+07			7.99481e+06
31		3.40564e+07			7.99481e+06
32		1.06758e+09			4.24908e+07

probBLOCKS-9-0.pddl
bound		ida*-bfs (exp)		ss-bfs (exp)
14		3			3
16		18			21.2
18		118			113.2
20		989			638.2
22		10038			2673.8
24		115684			580323
26		1.4694e+06			1.06439e+06
27		1.47066e+06			1.06439e+06
28		2.07445e+07			3.26742e+06
29		2.08679e+07			3.26742e+06
30		3.40274e+08			6.46084e+06

probBLOCKS-9-1.pddl
bound		ida*-bfs (exp)		ss-bfs (exp)
14		1			1
16		3			3
18		9			9.1
20		34			31
22		183			98.5
24		1352			788.2
25		1377			788.2
26		13278			8040.4
27		14012			8040.4
28		179863			249586
