	0.00		1.02
	0.00		1.02
	0.00		1.13
	0.00		1.00
	0.00		1.00
	0.00		1.11
	0.00		0.90
	0.00		0.90
	0.00		1.00
	0.00		1.02
	0.00		1.02
	0.00		1.13
	0.00		1.02
	0.00		1.02
	0.00		1.13
	0.00		1.02
	0.00		1.02
	0.00		1.13
	0.00		1.00
	0.00		0.90
	0.00		0.90
	0.00		1.00
	0.00		0.90
	0.00		0.90
	0.00		1.02
	0.00		1.02
	0.00		1.13
	0.00		0.88
	0.00		1.00
	0.00		1.00
	0.00		0.98
	0.00		1.13
	0.00		1.00
	0.00		1.13
	0.00		1.00
	0.00		1.13
	0.00		1.13
	0.00		0.88
	0.00		0.98
	0.00		1.00
	0.00		1.11
	0.00		1.11
	0.00		1.00
	0.00		1.00
	0.00		0.98
	0.00		1.00
	0.00		0.88
	0.03		1.00
	0.08		0.88
	0.08		0.88
	0.08		1.00
	0.35		1.13
	0.35		1.00
	0.35		1.13
	1.00		1.00
	1.00		0.90
	1.00		0.90
	1.00		0.88
	1.00		1.13
	1.00		1.11
	1.00		0.98
	1.00		1.11
	1.00		0.98
	1.00		1.02
	1.00		1.00
	1.00		1.00
	1.00		1.11
	1.00		0.88
	1.00		1.13
	1.00		1.13
	1.00		0.90
	1.00		0.88
	1.00		0.88
	1.00		1.02
	1.00		1.00
	1.00		1.13
	1.00		1.00
	1.00		1.00
	2.88		0.88
	2.88		0.88
	2.88		1.00
	12.87		1.13
	12.87		1.00
	12.87		1.13
	20.00		1.00
	20.00		1.00
	20.00		1.13
	20.00		1.02
	20.00		1.00
	20.00		0.88
	20.00		0.90
	20.00		1.00
	20.00		0.88
	20.00		0.88
	20.00		0.90
	20.00		1.00
	20.00		0.88
	20.00		1.00
	20.00		1.02
	20.00		1.13
	20.00		1.00
	20.00		1.00
	20.00		1.13
	20.00		1.02
	20.00		1.00
	20.00		0.98
	20.00		0.98
	20.00		0.88
	20.00		0.98
	20.00		1.11
	20.00		1.11
	20.00		0.88
	20.00		1.00
	20.00		0.98
	20.00		1.00
	20.00		1.11
	20.00		1.11
	20.00		0.98
	20.00		0.98
	20.00		0.88
	20.00		0.98
	20.00		1.11
	20.00		1.00
	20.00		0.98
	20.00		1.00
	20.00		1.11
	20.00		0.98
	20.00		0.88
	20.00		0.90
	20.00		0.98
	20.00		1.00
	20.00		0.88
	0.00		1.00
	0.00		1.00
	0.00		1.00
	0.00		1.00
	0.00		1.00
	0.00		1.00
	0.00		1.17
	0.00		1.00
	0.00		1.00
	0.00		1.00
	0.00		1.00
	0.00		1.00
	0.00		1.00
	0.00		1.00
	0.00		1.00
	0.00		1.00
	0.00		1.17
	0.00		1.00
	0.00		1.00
	0.01		1.00
	0.01		1.00
	0.04		1.00
	0.04		1.00
	0.04		1.00
	0.04		1.00
	0.04		1.17
	0.04		1.00
	0.04		1.00
	0.04		1.00
	0.04		1.00
	1.00		1.00
	1.00		1.00
	1.00		1.00
	1.00		1.00
	1.00		1.00
	1.00		1.00
	1.00		1.00
	1.00		1.17
	1.00		1.00
	1.00		1.00
	1.00		1.17
	1.00		1.00
	1.00		1.00
	1.00		1.00
	1.00		1.00
	1.00		1.00
	1.00		1.00
	1.00		1.00
	1.00		1.17
	1.00		1.00
	1.00		1.00
	1.00		1.00
	1.00		1.00
	1.00		1.00
	1.00		1.00
	1.00		0.86
	1.00		0.86
	1.00		0.86
	1.00		0.86
	1.00		0.86
	1.00		0.86
	1.00		0.86
	1.00		0.86
	1.00		1.00
	1.00		1.00
	1.00		1.17
	1.00		1.00
	1.00		1.00
	1.00		1.00
	1.00		1.00
	1.00		1.00
	1.00		1.00
	1.00		1.00
	1.00		1.00
	1.00		1.00
	1.00		1.17
	1.00		1.00
	1.00		1.00
	1.00		1.00
	1.00		1.00
	1.00		1.00
	1.00		1.00
	1.00		1.00
	1.00		1.17
	1.00		1.00
	1.00		1.00
	1.00		1.00
	1.00		1.00
	1.00		1.00
	1.00		1.00
	1.00		1.17
	1.00		1.00
	1.00		1.00
	1.00		1.00
	1.00		1.00
	1.00		1.00
	1.00		1.00
	1.00		1.00
	1.00		1.00
	1.00		1.00
	1.00		1.00
	1.00		1.17
	20.00		0.86
	20.00		1.00
	20.00		1.00
	20.00		1.00
	20.00		1.00
	20.00		1.00
	20.00		1.00
	20.00		1.00
	20.00		1.00
	20.00		1.00
	20.00		1.00
	20.00		1.00
	20.00		1.00
	20.00		1.00
	20.00		1.00
	20.00		1.00
	20.00		1.00
	20.00		0.86
	20.00		1.00
	20.00		1.00
	20.00		1.00
	20.00		1.00
	20.00		1.00
	20.00		1.00
	20.00		1.00
	20.00		1.00
	20.00		1.00
	20.00		0.86
	20.00		1.00
	20.00		1.00
	0.00		1.00
	0.00		1.00
	0.00		1.00
	0.00		1.00
	0.00		1.00
	0.00		1.00
	0.00		1.00
	0.00		1.00
	0.00		0.93
	0.00		1.00
	0.00		1.00
	0.00		1.00
	0.00		1.07
	0.00		1.00
	0.00		1.00
	0.00		1.00
	0.00		1.00
	0.00		1.00
	0.01		1.07
	0.01		1.00
	0.01		1.00
	0.01		1.00
	0.01		1.00
	0.02		1.00
	0.02		1.00
	0.05		1.00
	0.05		1.00
	0.05		1.00
	0.05		1.00
	0.05		1.07
	0.05		1.07
	0.05		1.00
	0.05		1.00
	0.05		1.00
	0.05		1.00
	0.07		1.00
	0.07		1.00
	0.07		1.00
	0.07		1.00
	0.07		1.00
	0.07		1.00
	0.21		1.00
	0.21		1.00
	0.26		1.00
	0.63		1.00
	0.63		1.00
	0.63		1.07
	0.63		1.00
	0.63		1.00
	0.63		1.07
	0.63		1.00
	0.63		1.00
	0.71		1.00
	0.71		1.00
	0.71		1.07
	0.71		1.00
	0.88		1.00
	0.88		1.00
	1.00		1.00
	1.00		0.93
	1.00		0.93
	1.00		1.00
	1.00		1.07
	1.00		1.00
	1.00		1.07
	1.00		0.93
	1.00		1.00
	1.00		1.00
	1.00		1.00
	1.00		1.00
	1.00		1.00
	1.00		1.07
	1.00		1.00
	1.00		1.00
	1.14		1.00
	1.14		1.00
	1.40		1.00
	1.40		0.93
	1.40		1.00
	1.40		1.00
	1.59		1.00
	1.59		0.93
	1.59		1.00
	1.59		1.00
	1.60		1.00
	1.60		1.00
	1.60		0.93
	1.60		1.00
	3.88		1.00
	4.75		1.00
	4.75		1.00
	13.52		1.00
	13.52		1.00
	13.53		1.00
	13.53		1.00
	15.38		1.00
	15.38		1.00
	18.45		1.00
	18.45		1.00
	20.00		1.00
	20.00		1.00
	20.00		1.00
	20.00		0.93
	20.00		0.93
	20.00		1.00
	20.00		1.00
	20.00		1.00
	20.00		1.00
	20.00		1.00
	20.00		1.00
	20.00		1.00
	20.00		0.93
	20.00		1.00
	20.00		1.00
	20.00		1.00
	20.00		1.00
	20.00		1.00
	20.00		1.00
	20.00		1.00
	20.00		1.00
	20.00		0.93
	20.00		1.07
	20.00		1.00
	20.00		1.00
	20.00		1.00
	20.00		1.00
	20.00		1.00
	20.00		1.00
	20.00		1.00
	20.00		1.00
	20.00		1.00
	20.00		1.00
	0.00		1.00
	0.00		1.00
	0.00		1.00
	0.00		1.00
	0.00		1.00
	0.00		1.00
	0.00		1.00
	0.00		1.00
	0.00		1.00
	0.00		1.00
	0.00		1.00
	0.00		1.00
	0.00		1.00
	0.00		1.00
	0.00		1.00
	0.00		1.00
	0.00		1.00
	0.00		1.00
	0.00		1.00
	0.00		1.00
	0.00		1.00
	0.00		1.00
	0.00		1.00
	0.00		1.00
	0.00		1.00
	0.00		1.00
	0.00		1.00
	0.04		1.00
	0.08		1.00
	0.45		1.00
	1.00		1.00
	1.00		1.00
	1.00		1.00
	1.00		1.00
	1.00		1.00
	1.00		1.00
	1.00		1.00
	1.00		1.00
	1.00		1.00
	1.00		1.00
	1.00		1.00
	1.00		1.00
	1.00		1.00
	1.00		1.00
	1.00		1.00
	1.00		1.00
	1.00		1.00
	1.00		1.00
	1.00		1.00
	1.00		1.00
	1.00		1.00
	1.00		1.00
	1.00		1.00
	1.00		1.00
	1.00		1.00
	1.00		1.00
	1.00		1.00
	1.00		1.00
	1.00		1.00
	1.00		1.00
	1.00		1.00
	1.00		1.00
	1.00		1.00
	1.00		1.00
	1.00		1.00
	1.00		1.00
	1.00		1.00
	1.00		1.00
	1.00		1.00
	1.00		1.00
	1.00		1.00
	1.00		1.00
	1.00		1.00
	1.00		1.00
	1.00		1.00
	1.00		1.00
	1.00		1.00
	1.00		1.00
	1.00		1.00
	1.00		1.00
	1.00		1.00
	1.00		1.00
	1.00		1.00
	1.00		1.00
	1.00		1.00
	1.00		1.00
	1.00		1.00
	1.00		1.00
	1.00		1.00
	1.00		1.00
	1.00		1.00
	1.00		1.00
	1.00		1.00
	1.00		1.00
	1.00		1.00
	1.00		1.00
	1.00		1.00
	1.00		1.00
	1.00		1.00
	1.00		1.00
	1.00		1.00
	1.00		1.00
	2.24		1.00
	12.00		1.00
	20.00		1.00
	20.00		1.00
	20.00		1.00
	20.00		1.00
	20.00		1.00
	20.00		1.00
	20.00		1.00
	20.00		1.00
	20.00		1.00
	20.00		1.00
	20.00		1.00
	20.00		1.00
	20.00		1.00
	20.00		1.00
	20.00		1.00
	20.00		1.00
	20.00		1.00
	20.00		1.00
	20.00		1.00
	20.00		1.00
	20.00		1.00
	20.00		1.00
	20.00		1.00
	20.00		1.00
	20.00		1.00
	20.00		1.00
	20.00		1.00
	20.00		1.00
