	0.150102		1
	0.150102		1
	0.150102		1
	0.150102		1
	0.150102		1
	0.150102		1
	0.150102		1
	0.150102		1
	0.150102		1
	0.150102		1
	0.166898		1
	0.166898		1
	0.166898		1
	0.166898		1
	0.166898		1
	0.166898		1
	0.166898		1
	0.166898		1
	0.166898		1
	0.166898		1
	0.89936		1
	1		1
	1		1
	1		1
	1		1
	1		1
	1		1
	1		1
	1		1
	1		1
	1		1
	1		1
	1		1
	1		1
	1		1
	1		1
	1		1
	1		1
	1		1
	1		1
	1		1
	1		1
	1		1
	1		1
	1		1
	1		1
	1		1
	1		1
	1		1
	1		1
	1		1
	1		1
	1		1
	1		1
	1		1
	1		1
	1		1
	1		1
	1		1
	1		1
	1		1
	1		1
	1		1
	1		1
	1		1
	1		1
	1		1
	1		1
	1		1
	1		1
	1		1
	1		1
	1		1
	1		1
	1		1
	1		1
	1		1
	1		1
	1		1
	1		1
	1		1
	1		1
	1		1
	1		1
	1		1
	1		1
	1		1
	1		1
	1		1
	1		1
	1		1
	1		1
	1		1
	1		1
	1		1
	1		1
	1		1
	1		1
	1		1
	1		1
	1		1
	1		1
	1		1
	1		1
	1		1
	1		1
	1		1
	1		1
	1		1
	1		1
	1		1
	1.1119		1
	5.99168		1
	5.99168		1
	5.99168		1
	5.99168		1
	5.99168		1
	5.99168		1
	5.99168		1
	5.99168		1
	5.99168		1
	5.99168		1
	6.66216		1
	6.66216		1
	6.66216		1
	6.66216		1
	6.66216		1
	6.66216		1
	6.66216		1
	6.66216		1
	6.66216		1
	6.66216		1
	0.0133213		1
	0.0133213		1
	0.0133213		1
	0.0133213		1
	0.0133213		1
	0.0133213		1
	0.0133213		1
	0.0133213		1
	0.0133213		1
	0.0133213		1
	0.0521906		1
	0.0521906		1
	0.0521906		1
	0.0521906		1
	0.0521906		1
	0.0521906		1
	0.0521906		1
	0.0521906		1
	0.0521906		1
	0.0521906		1
	0.255244		1
	1		1
	1		1
	1		1
	1		1
	1		1
	1		1
	1		1
	1		1
	1		1
	1		1
	1		1
	1		1
	1		1
	1		1
	1		1
	1		1
	1		1
	1		1
	1		1
	1		1
	1		1
	1		1
	1		1
	1		1
	1		1
	1		1
	1		1
	1		1
	1		1
	1		1
	1		1
	1		1
	1		1
	1		1
	1		1
	1		1
	1		1
	1		1
	1		1
	1		1
	1		1
	1		1
	1		1
	1		1
	1		1
	1		1
	1		1
	1		1
	1		1
	1		1
	1		1
	1		1
	1		1
	1		1
	1		1
	1		1
	1		1
	1		1
	1		1
	1		1
	1		1
	1		1
	1		1
	1		1
	1		1
	1		1
	1		1
	1		1
	1		1
	1		1
	1		1
	1		1
	1		1
	1		1
	1		1
	1		1
	1		1
	1		1
	1		1
	1		1
	1		1
	1		1
	1		1
	1		1
	1		1
	1		1
	1		1
	1		1
	1		1
	1		1
	3.91783		1
	10		1
	10		1
	10		1
	10		1
	10		1
	10		1
	10		1
	10		1
	10		1
	10		1
	10		1
	10		1
	10		1
	10		1
	10		1
	10		1
	10		1
	10		1
	10		1
	10		1
	0.00842342		1
	0.00842342		1
	0.00842342		1
	0.00842342		1
	0.00842342		1
	0.00842342		1
	0.00842342		1
	0.00842342		1
	0.00842342		1
	0.00842342		0.206338
	0.0423775		1
	0.0423775		1
	0.0423775		1
	0.0423775		1
	0.0423775		1
	0.0423775		1
	0.0423775		1
	0.0423775		1
	0.0423775		1
	0.0423775		0.206338
	0.198771		1
	1		1
	1		1
	1		1
	1		1
	1		1
	1		1
	1		0.206338
	1		1
	1		1
	1		1
	1		1
	1		1
	1		1
	1		1
	1		1
	1		0.206338
	1		1
	1		1
	1		1
	1		1
	1		1
	1		1
	1		1
	1		1
	1		1
	1		1
	1		1
	1		1
	1		1
	1		1
	1		0.206338
	1		1
	1		1
	1		1
	1		1
	1		1
	1		1
	1		1
	1		1
	1		0.206338
	1		1
	1		1
	1		1
	1		1
	1		1
	1		1
	1		0.206338
	1		1
	1		0.206338
	1		1
	1		1
	1		0.206338
	1		1
	1		1
	1		1
	1		1
	1		1
	1		4.84643
	1		1
	1		1
	1		4.84643
	1		1
	1		1
	1		0.206338
	1		1
	1		1
	1		1
	1		1
	1		1
	1		1
	1		1
	1		1
	1		1
	1		4.84643
	1		1
	1		1
	1		4.84643
	1		4.84643
	1		1
	1		1
	1		4.84643
	1		1
	1		1
	1		1
	1		4.84643
	1		1
	1		1
	1		4.84643
	1		0.206338
	1		4.84643
	5.03092		1
	10		1
	10		4.84643
	10		1
	10		1
	10		1
	10		1
	10		1
	10		1
	10		1
	10		1
	10		1
	10		1
	10		1
	10		1
	10		1
	10		1
	10		1
	10		1
	10		4.84643
	10		1
	0.0122558		1
	0.0122558		1
	0.0122558		1
	0.0122558		1
	0.0122558		1
	0.0122558		1
	0.0122558		1
	0.0122558		1
	0.0122558		1
	0.0122558		1
	0.0171722		1
	0.0171722		1
	0.0171722		1
	0.0171722		1
	0.0171722		1
	0.0171722		1
	0.0171722		1
	0.0171722		1
	0.0171722		1
	0.0171722		1
	0.713703		1
	1		1
	1		1
	1		1
	1		1
	1		1
	1		1
	1		1
	1		1
	1		1
	1		1
	1		1
	1		1
	1		1
	1		1
	1		1
	1		1
	1		1
	1		1
	1		1
	1		1
	1		1
	1		1
	1		1
	1		1
	1		1
	1		1
	1		1
	1		1
	1		1
	1		1
	1		1
	1		1
	1		1
	1		1
	1		1
	1		1
	1		1
	1		1
	1		1
	1		1
	1		1
	1		1
	1		1
	1		1
	1		1
	1		1
	1		1
	1		1
	1		1
	1		1
	1		1
	1		1
	1		1
	1		1
	1		1
	1		1
	1		1
	1		1
	1		1
	1		1
	1		1
	1		1
	1		1
	1		1
	1		1
	1		1
	1		1
	1		1
	1		1
	1		1
	1		1
	1		1
	1		1
	1		1
	1		1
	1		1
	1		1
	1		1
	1		1
	1		1
	1		1
	1		1
	1		1
	1		1
	1		1
	1		1
	1		1
	1		1
	1		1
	1		1
	1.40114		1
	10		1
	10		1
	10		1
	10		1
	10		1
	10		1
	10		1
	10		1
	10		1
	10		1
	10		1
	10		1
	10		1
	10		1
	10		1
	10		1
	10		1
	10		1
	10		1
	10		1
	0.000220381		1
	0.000220381		1
	0.000220381		1
	0.000220381		1
	0.000220381		1
	0.000220381		1
	0.000220381		1
	0.000220381		1
	0.000220381		1
	0.000220381		1
	0.00935386		1
	0.00935386		1
	0.00935386		1
	0.00935386		1
	0.00935386		1
	0.00935386		1
	0.00935386		1
	0.00935386		1
	0.00935386		1
	0.00935386		1
	0.0235604		1
	1		1
	1		1
	1		1
	1		1
	1		1
	1		1
	1		1
	1		1
	1		1
	1		1
	1		1
	1		1
	1		1
	1		1
	1		1
	1		1
	1		1
	1		1
	1		1
	1		1
	1		1
	1		1
	1		1
	1		1
	1		1
	1		1
	1		1
	1		1
	1		1
	1		1
	1		1
	1		1
	1		1
	1		1
	1		1
	1		1
	1		1
	1		1
	1		1
	1		1
	1		1
	1		1
	1		1
	1		1
	1		1
	1		1
	1		1
	1		1
	1		1
	1		1
	1		1
	1		1
	1		1
	1		1
	1		1
	1		1
	1		1
	1		1
	1		1
	1		1
	1		1
	1		1
	1		1
	1		1
	1		1
	1		1
	1		1
	1		1
	1		1
	1		1
	1		1
	1		1
	1		1
	1		1
	1		1
	1		1
	1		1
	1		1
	1		1
	1		1
	1		1
	1		1
	1		1
	1		1
	1		1
	1		1
	1		1
	1		1
	1		1
	1		1
	10		1
	10		1
	10		1
	10		1
	10		1
	10		1
	10		1
	10		1
	10		1
	10		1
	10		1
	10		1
	10		1
	10		1
	10		1
	10		1
	10		1
	10		1
	10		1
	10		1
	10		1
	0.00573449		1
	0.00573449		1
	0.00573449		1
	0.00573449		1
	0.00573449		1
	0.00573449		1
	0.00573449		1
	0.00573449		1
	0.00573449		1
	0.00573449		1
	0.0136892		1
	0.0136892		1
	0.0136892		1
	0.0136892		1
	0.0136892		1
	0.0136892		1
	0.0136892		1
	0.0136892		1
	0.0136892		1
	0.0136892		1
	0.418906		1
	1		1
	1		1
	1		1
	1		1
	1		1
	1		1
	1		1
	1		1
	1		1
	1		1
	1		1
	1		1
	1		1
	1		1
	1		1
	1		1
	1		1
	1		1
	1		1
	1		1
	1		1
	1		1
	1		1
	1		1
	1		1
	1		1
	1		1
	1		1
	1		1
	1		1
	1		1
	1		1
	1		1
	1		1
	1		1
	1		1
	1		1
	1		1
	1		1
	1		1
	1		1
	1		1
	1		1
	1		1
	1		1
	1		1
	1		1
	1		1
	1		1
	1		1
	1		1
	1		1
	1		1
	1		1
	1		1
	1		1
	1		1
	1		1
	1		1
	1		1
	1		1
	1		1
	1		1
	1		1
	1		1
	1		1
	1		1
	1		1
	1		1
	1		1
	1		1
	1		1
	1		1
	1		1
	1		1
	1		1
	1		1
	1		1
	1		1
	1		1
	1		1
	1		1
	1		1
	1		1
	1		1
	1		1
	1		1
	1		1
	1		1
	1		1
	2.38717		1
	10		1
	10		1
	10		1
	10		1
	10		1
	10		1
	10		1
	10		1
	10		1
	10		1
	10		1
	10		1
	10		1
	10		1
	10		1
	10		1
	10		1
	10		1
	10		1
	10		1
	0.00352332		1
	0.00352332		1
	0.00352332		1
	0.00352332		1
	0.00352332		1
	0.00352332		1
	0.00352332		1
	0.00352332		1
	0.00352332		1
	0.00352332		1
	0.00838594		1
	0.00838594		1
	0.00838594		1
	0.00838594		1
	0.00838594		1
	0.00838594		1
	0.00838594		1
	0.00838594		1
	0.00838594		1
	0.00838594		1
	0.420146		1
	1		1
	1		1
	1		1
	1		1
	1		1
	1		1
	1		1
	1		1
	1		1
	1		1
	1		1
	1		1
	1		1
	1		1
	1		1
	1		1
	1		1
	1		1
	1		1
	1		1
	1		1
	1		1
	1		1
	1		1
	1		1
	1		1
	1		1
	1		1
	1		1
	1		1
	1		1
	1		1
	1		1
	1		1
	1		1
	1		1
	1		1
	1		1
	1		1
	1		1
	1		1
	1		1
	1		1
	1		1
	1		1
	1		1
	1		1
	1		1
	1		1
	1		1
	1		1
	1		1
	1		1
	1		1
	1		1
	1		1
	1		1
	1		1
	1		1
	1		1
	1		1
	1		1
	1		1
	1		1
	1		1
	1		1
	1		1
	1		1
	1		1
	1		1
	1		1
	1		1
	1		1
	1		1
	1		1
	1		1
	1		1
	1		1
	1		1
	1		1
	1		1
	1		1
	1		1
	1		1
	1		1
	1		1
	1		1
	1		1
	1		1
	1		1
	2.38013		1
	10		1
	10		1
	10		1
	10		1
	10		1
	10		1
	10		1
	10		1
	10		1
	10		1
	10		1
	10		1
	10		1
	10		1
	10		1
	10		1
	10		1
	10		1
	10		1
	10		1
	0.00489695		1
	0.00489695		1
	0.00489695		1
	0.00489695		1
	0.00489695		1
	0.00489695		1
	0.00489695		1
	0.00489695		1
	0.00489695		1
	0.00489695		1
	0.00656811		1
	0.00656811		1
	0.00656811		1
	0.00656811		1
	0.00656811		1
	0.00656811		1
	0.00656811		1
	0.00656811		1
	0.00656811		1
	0.00656811		1
	0.745565		1
	1		1
	1		1
	1		1
	1		1
	1		1
	1		1
	1		1
	1		1
	1		1
	1		1
	1		1
	1		1
	1		1
	1		1
	1		1
	1		1
	1		1
	1		1
	1		1
	1		1
	1		1
	1		1
	1		1
	1		1
	1		1
	1		1
	1		1
	1		1
	1		1
	1		1
	1		1
	1		1
	1		1
	1		1
	1		1
	1		1
	1		1
	1		1
	1		1
	1		1
	1		1
	1		1
	1		1
	1		1
	1		1
	1		1
	1		1
	1		1
	1		1
	1		1
	1		1
	1		1
	1		1
	1		1
	1		1
	1		1
	1		1
	1		1
	1		1
	1		1
	1		1
	1		1
	1		1
	1		1
	1		1
	1		1
	1		1
	1		1
	1		1
	1		1
	1		1
	1		1
	1		1
	1		1
	1		1
	1		1
	1		1
	1		1
	1		1
	1		1
	1		1
	1		1
	1		1
	1		1
	1		1
	1		1
	1		1
	1		1
	1		1
	1		1
	1.34127		1
	10		1
	10		1
	10		1
	10		1
	10		1
	10		1
	10		1
	10		1
	10		1
	10		1
	10		1
	10		1
	10		1
	10		1
	10		1
	10		1
	10		1
	10		1
	10		1
	10		1
	0.00800026		1
	0.00800026		1
	0.00800026		1
	0.00800026		1
	0.00800026		1
	0.00800026		1
	0.00800026		1
	0.00800026		1
	0.00800026		1
	0.00800026		1
	0.0123551		1
	0.0123551		1
	0.0123551		1
	0.0123551		1
	0.0123551		1
	0.0123551		1
	0.0123551		1
	0.0123551		1
	0.0123551		1
	0.0123551		1
	0.647527		1
	1		1
	1		1
	1		1
	1		1
	1		1
	1		1
	1		1
	1		1
	1		1
	1		1
	1		1
	1		1
	1		1
	1		1
	1		1
	1		1
	1		1
	1		1
	1		1
	1		1
	1		1
	1		1
	1		1
	1		1
	1		1
	1		1
	1		1
	1		1
	1		1
	1		1
	1		1
	1		1
	1		1
	1		1
	1		1
	1		1
	1		1
	1		1
	1		1
	1		1
	1		1
	1		1
	1		1
	1		1
	1		1
	1		1
	1		1
	1		1
	1		1
	1		1
	1		1
	1		1
	1		1
	1		1
	1		1
	1		1
	1		1
	1		1
	1		1
	1		1
	1		1
	1		1
	1		1
	1		1
	1		1
	1		1
	1		1
	1		1
	1		1
	1		1
	1		1
	1		1
	1		1
	1		1
	1		1
	1		1
	1		1
	1		1
	1		1
	1		1
	1		1
	1		1
	1		1
	1		1
	1		1
	1		1
	1		1
	1		1
	1		1
	1		1
	1.54434		1
	10		1
	10		1
	10		1
	10		1
	10		1
	10		1
	10		1
	10		1
	10		1
	10		1
	10		1
	10		1
	10		1
	10		1
	10		1
	10		1
	10		1
	10		1
	10		1
	10		1
	0.0101326		1
	0.0101326		1
	0.0101326		1
	0.0101326		1
	0.0101326		1
	0.0101326		1
	0.0101326		1
	0.0101326		1
	0.0101326		1
	0.0101326		1
	0.0479554		1
	0.0479554		1
	0.0479554		1
	0.0479554		1
	0.0479554		1
	0.0479554		1
	0.0479554		1
	0.0479554		1
	0.0479554		1
	0.0479554		1
	0.211293		1
	1		1
	1		1
	1		1
	1		1
	1		1
	1		1
	1		1
	1		1
	1		1
	1		1
	1		1
	1		1
	1		1
	1		1
	1		1
	1		1
	1		1
	1		1
	1		1
	1		1
	1		1
	1		1
	1		1
	1		1
	1		1
	1		1
	1		1
	1		1
	1		1
	1		1
	1		1
	1		1
	1		1
	1		1
	1		1
	1		1
	1		1
	1		1
	1		1
	1		1
	1		1
	1		1
	1		1
	1		1
	1		1
	1		1
	1		1
	1		1
	1		1
	1		1
	1		1
	1		1
	1		1
	1		1
	1		1
	1		1
	1		1
	1		1
	1		1
	1		1
	1		1
	1		1
	1		1
	1		1
	1		1
	1		1
	1		1
	1		1
	1		1
	1		1
	1		1
	1		1
	1		1
	1		1
	1		1
	1		1
	1		1
	1		1
	1		1
	1		1
	1		1
	1		1
	1		1
	1		1
	1		1
	1		1
	1		1
	1		1
	1		1
	1		1
	4.73277		1
	10		1
	10		1
	10		1
	10		1
	10		1
	10		1
	10		1
	10		1
	10		1
	10		1
	10		1
	10		1
	10		1
	10		1
	10		1
	10		1
	10		1
	10		1
	10		1
	10		1
	0.00776546		1
	0.00776546		1
	0.00776546		1
	0.00776546		1
	0.00776546		1
	0.00776546		1
	0.00776546		1
	0.00776546		1
	0.00776546		1
	0.00776546		1
	0.0102903		1
	0.0102903		1
	0.0102903		1
	0.0102903		1
	0.0102903		1
	0.0102903		1
	0.0102903		1
	0.0102903		1
	0.0102903		1
	0.0102903		1
	0.754636		1
	1		1
	1		1
	1		1
	1		1
	1		1
	1		1
	1		1
	1		1
	1		1
	1		1
	1		1
	1		1
	1		1
	1		1
	1		1
	1		1
	1		1
	1		1
	1		1
	1		1
	1		1
	1		1
	1		1
	1		1
	1		1
	1		1
	1		1
	1		1
	1		1
	1		1
	1		1
	1		1
	1		1
	1		1
	1		1
	1		1
	1		1
	1		1
	1		1
	1		1
	1		1
	1		1
	1		1
	1		1
	1		1
	1		1
	1		1
	1		1
	1		1
	1		1
	1		1
	1		1
	1		1
	1		1
	1		1
	1		1
	1		1
	1		1
	1		1
	1		1
	1		1
	1		1
	1		1
	1		1
	1		1
	1		1
	1		1
	1		1
	1		1
	1		1
	1		1
	1		1
	1		1
	1		1
	1		1
	1		1
	1		1
	1		1
	1		1
	1		1
	1		1
	1		1
	1		1
	1		1
	1		1
	1		1
	1		1
	1		1
	1		1
	1		1
	1.32514		1
	10		1
	10		1
	10		1
	10		1
	10		1
	10		1
	10		1
	10		1
	10		1
	10		1
	10		1
	10		1
	10		1
	10		1
	10		1
	10		1
	10		1
	10		1
	10		1
	10		1
	0.00440852		1
	0.00440852		1
	0.00440852		1
	0.00440852		1
	0.00440852		1
	0.00440852		1
	0.00440852		1
	0.00440852		1
	0.00440852		1
	0.00440852		1
	0.00703466		1
	0.00703466		1
	0.00703466		1
	0.00703466		1
	0.00703466		1
	0.00703466		1
	0.00703466		1
	0.00703466		1
	0.00703466		1
	0.00703466		1
	0.626685		1
	1		1
	1		1
	1		1
	1		1
	1		1
	1		1
	1		1
	1		1
	1		1
	1		1
	1		1
	1		1
	1		1
	1		1
	1		1
	1		1
	1		1
	1		1
	1		1
	1		1
	1		1
	1		1
	1		1
	1		1
	1		1
	1		1
	1		1
	1		1
	1		1
	1		1
	1		1
	1		1
	1		1
	1		1
	1		1
	1		1
	1		1
	1		1
	1		1
	1		1
	1		1
	1		1
	1		1
	1		1
	1		1
	1		1
	1		1
	1		1
	1		1
	1		1
	1		1
	1		1
	1		1
	1		1
	1		1
	1		1
	1		1
	1		1
	1		1
	1		1
	1		1
	1		1
	1		1
	1		1
	1		1
	1		1
	1		1
	1		1
	1		1
	1		1
	1		1
	1		1
	1		1
	1		1
	1		1
	1		1
	1		1
	1		1
	1		1
	1		1
	1		1
	1		1
	1		1
	1		1
	1		1
	1		1
	1		1
	1		1
	1		1
	1		1
	1.5957		1
	10		1
	10		1
	10		1
	10		1
	10		1
	10		1
	10		1
	10		1
	10		1
	10		1
	10		1
	10		1
	10		1
	10		1
	10		1
	10		1
	10		1
	10		1
	10		1
	10		1
	0.00236431		1
	0.00236431		1
	0.00236431		1
	0.00236431		1
	0.00236431		1
	0.00236431		1
	0.00236431		1
	0.00236431		1
	0.00236431		1
	0.00236431		1
	0.00736497		1
	0.00736497		1
	0.00736497		1
	0.00736497		1
	0.00736497		1
	0.00736497		1
	0.00736497		1
	0.00736497		1
	0.00736497		1
	0.00736497		1
	0.32102		1
	1		1
	1		1
	1		1
	1		1
	1		1
	1		1
	1		1
	1		1
	1		1
	1		1
	1		1
	1		1
	1		1
	1		1
	1		1
	1		1
	1		1
	1		1
	1		1
	1		1
	1		1
	1		1
	1		1
	1		1
	1		1
	1		1
	1		1
	1		1
	1		1
	1		1
	1		1
	1		1
	1		1
	1		1
	1		1
	1		1
	1		1
	1		1
	1		1
	1		1
	1		1
	1		1
	1		1
	1		1
	1		1
	1		1
	1		1
	1		1
	1		1
	1		1
	1		1
	1		1
	1		1
	1		1
	1		1
	1		1
	1		1
	1		1
	1		1
	1		1
	1		1
	1		1
	1		1
	1		1
	1		1
	1		1
	1		1
	1		1
	1		1
	1		1
	1		1
	1		1
	1		1
	1		1
	1		1
	1		1
	1		1
	1		1
	1		1
	1		1
	1		1
	1		1
	1		1
	1		1
	1		1
	1		1
	1		1
	1		1
	1		1
	1		1
	3.11507		1
	10		1
	10		1
	10		1
	10		1
	10		1
	10		1
	10		1
	10		1
	10		1
	10		1
	10		1
	10		1
	10		1
	10		1
	10		1
	10		1
	10		1
	10		1
	10		1
	10		1
	0.00103377		1
	0.00103377		1
	0.00103377		1
	0.00103377		1
	0.00103377		1
	0.00103377		1
	0.00103377		1
	0.00103377		1
	0.00103377		1
	0.00103377		1
	0.00615418		1
	0.00615418		1
	0.00615418		1
	0.00615418		1
	0.00615418		1
	0.00615418		1
	0.00615418		1
	0.00615418		1
	0.00615418		1
	0.00615418		1
	0.167978		1
	1		1
	1		1
	1		1
	1		1
	1		1
	1		1
	1		1
	1		1
	1		1
	1		1
	1		1
	1		1
	1		1
	1		1
	1		1
	1		1
	1		1
	1		1
	1		1
	1		1
	1		1
	1		1
	1		1
	1		1
	1		1
	1		1
	1		1
	1		1
	1		1
	1		1
	1		1
	1		1
	1		1
	1		1
	1		1
	1		1
	1		1
	1		1
	1		1
	1		1
	1		1
	1		1
	1		1
	1		1
	1		1
	1		1
	1		1
	1		1
	1		1
	1		1
	1		1
	1		1
	1		1
	1		1
	1		1
	1		1
	1		1
	1		1
	1		1
	1		1
	1		1
	1		1
	1		1
	1		1
	1		1
	1		1
	1		1
	1		1
	1		1
	1		1
	1		1
	1		1
	1		1
	1		1
	1		1
	1		1
	1		1
	1		1
	1		1
	1		1
	1		1
	1		1
	1		1
	1		1
	1		1
	1		1
	1		1
	1		1
	1		1
	1		1
	5.95316		1
	10		1
	10		1
	10		1
	10		1
	10		1
	10		1
	10		1
	10		1
	10		1
	10		1
	10		1
	10		1
	10		1
	10		1
	10		1
	10		1
	10		1
	10		1
	10		1
	10		1
	0.00251809		1
	0.00251809		1
	0.00251809		1
	0.00251809		1
	0.00251809		1
	0.00251809		1
	0.00251809		1
	0.00251809		1
	0.00251809		1
	0.00251809		1
	0.00403414		1
	0.00403414		1
	0.00403414		1
	0.00403414		1
	0.00403414		1
	0.00403414		1
	0.00403414		1
	0.00403414		1
	0.00403414		1
	0.00403414		1
	0.624193		1
	1		1
	1		1
	1		1
	1		1
	1		1
	1		1
	1		1
	1		1
	1		1
	1		1
	1		1
	1		1
	1		1
	1		1
	1		1
	1		1
	1		1
	1		1
	1		1
	1		1
	1		1
	1		1
	1		1
	1		1
	1		1
	1		1
	1		1
	1		1
	1		1
	1		1
	1		1
	1		1
	1		1
	1		1
	1		1
	1		1
	1		1
	1		1
	1		1
	1		1
	1		1
	1		1
	1		1
	1		1
	1		1
	1		1
	1		1
	1		1
	1		1
	1		1
	1		1
	1		1
	1		1
	1		1
	1		1
	1		1
	1		1
	1		1
	1		1
	1		1
	1		1
	1		1
	1		1
	1		1
	1		1
	1		1
	1		1
	1		1
	1		1
	1		1
	1		1
	1		1
	1		1
	1		1
	1		1
	1		1
	1		1
	1		1
	1		1
	1		1
	1		1
	1		1
	1		1
	1		1
	1		1
	1		1
	1		1
	1		1
	1		1
	1		1
	1.60207		1
	10		1
	10		1
	10		1
	10		1
	10		1
	10		1
	10		1
	10		1
	10		1
	10		1
	10		1
	10		1
	10		1
	10		1
	10		1
	10		1
	10		1
	10		1
	10		1
	10		1
