Experiment 2: barman-opt11-strips using gapdb_deep heuristic with 500 probes



instance_name: pfile01-001_F_57.csv

A*:	{
		(0_mands,5.21492e+06)
		(1_ipdb,1.24754e+07)
		(2_lmcut,6.36064e+06)
		(3_gapdb,2.39542e+07)
		(4_gapdb,5.07772e+06)
		(5_gapdb,5.18388e+06)
		(6_gapdb,4.99562e+06)
		(7_gapdb,2.38039e+07)
		(8_gapdb,2.27776e+06)
		(9_gapdb,8.67534e+06)
		(10_gapdb,2.02922e+07)
		(11_gapdb,7.47387e+06)
		(12_gapdb,1.49669e+07)
	}
ss:	{
		(0_mands,3.03422e+30)
		(1_ipdb,4.05282e+23)
		(2_lmcut,2.48829e+24)
		(3_gapdb,9.56512e+29)
		(4_gapdb,2.77284e+32)
		(5_gapdb,9.2317e+31)
		(6_gapdb,1.12044e+33)
		(7_gapdb,9.25637e+30)
		(8_gapdb,2.01998e+34)
		(9_gapdb,2.77227e+32)
		(10_gapdb,7.53865e+30)
		(11_gapdb,4.54625e+32)
		(12_gapdb,1.12059e+33)
	}

Measure_1:

-A* h1/h2
	1	0.418016	0.819873	0.217704	1.02702	1.00599	1.0439	0.219078	2.28949	0.60112	0.256991	0.697754	0.34843
	2.39225	1	1.96134	0.520802	2.45689	2.40658	2.49727	0.524091	5.47705	1.43803	0.614788	1.6692	0.833533
	1.2197	0.509855	1	0.265533	1.25266	1.227	1.27324	0.26721	2.7925	0.733186	0.313452	0.85105	0.42498
	4.5934	1.92011	3.766	1	4.71751	4.6209	4.79504	1.00631	10.5166	2.76118	1.18046	3.20506	1.60048
	0.973691	0.407019	0.798303	0.211976	1	0.979521	1.01643	0.213315	2.22926	0.585305	0.25023	0.679396	0.339263
	0.994048	0.415528	0.814993	0.216408	1.02091	1	1.03769	0.217774	2.27587	0.597542	0.255462	0.693601	0.346356
	0.957948	0.400438	0.785396	0.208549	0.983831	0.963684	1	0.209866	2.19322	0.575841	0.246184	0.668411	0.333778
	4.56458	1.90807	3.74237	0.993726	4.68791	4.59191	4.76495	1	10.4506	2.74386	1.17306	3.18495	1.59044
	0.436778	0.18258	0.358102	0.0950881	0.448579	0.439393	0.455951	0.0956885	1	0.262556	0.112248	0.304763	0.152186
	1.66356	0.695396	1.36391	0.362164	1.70851	1.67352	1.73659	0.36445	3.80872	1	0.427521	1.16076	0.579635
	3.89118	1.62658	3.19028	0.847125	3.99632	3.91448	4.062	0.852474	8.90884	2.33907	1	2.71509	1.35581
	1.43317	0.599089	1.17502	0.312007	1.47189	1.44175	1.49608	0.313977	3.28124	0.861507	0.368312	1	0.49936
	2.87002	1.19971	2.35305	0.624813	2.94756	2.8872	2.996	0.628758	6.57089	1.72522	0.737569	2.00256	1

-ss h1/h2
	1	7.48669e+06	1.2194e+06	3.17217	0.0109426	0.0328674	0.00270806	0.327798	0.000150211	0.0109449	0.402489	0.00667412	0.00270771
	1.3357e-07	1	0.162876	4.23708e-07	1.46161e-09	4.39011e-09	3.61717e-10	4.37841e-08	2.00637e-11	1.46192e-09	5.37606e-08	8.91464e-10	3.6167e-10
	8.20076e-07	6.13966	1	2.60142e-06	8.97379e-09	2.69538e-08	2.22082e-09	2.6882e-07	1.23184e-10	8.97567e-09	3.30072e-07	5.47328e-09	2.22053e-09
	0.315241	2.36011e+06	384405	1	0.00344957	0.0103612	0.000853693	0.103336	4.73526e-05	0.00345029	0.126881	0.00210396	0.000853583
	91.3856	6.84176e+08	1.11436e+08	289.891	1	3.00361	0.247478	29.9561	0.0137271	1.00021	36.7817	0.609919	0.247446
	30.4252	2.27785e+08	3.71005e+07	96.5142	0.332933	1	0.0823934	9.97335	0.0045702	0.333002	12.2458	0.203062	0.0823828
	369.268	2.7646e+09	4.50285e+08	1171.38	4.04077	12.1369	1	121.045	0.055468	4.04161	148.626	2.46454	0.999871
	3.05066	2.28393e+07	3.71997e+06	9.67721	0.0333822	0.100267	0.00826136	1	0.000458241	0.0333892	1.22786	0.0203604	0.0082603
	6657.32	4.98413e+10	8.11793e+09	21118.2	72.8486	218.809	18.0284	2182.26	1	72.8638	2679.5	44.4317	18.0261
	91.3665	6.84033e+08	1.11412e+08	289.831	0.999791	3.00298	0.247426	29.9498	0.0137242	1	36.774	0.609791	0.247394
	2.48454	1.8601e+07	3.02965e+06	7.88139	0.0271874	0.0816604	0.00672828	0.814428	0.000373204	0.0271931	1	0.0165821	0.00672742
	149.832	1.12175e+09	1.82706e+08	475.295	1.63956	4.92461	0.405756	49.1148	0.0225064	1.63991	60.3059	1	0.405703
	369.315	2.76495e+09	4.50343e+08	1171.53	4.04129	12.1385	1.00013	121.061	0.0554751	4.04213	148.645	2.46486	1

Measure_2:
- The heuristics that have the similar ratio are: (diff = 0.5)
	(hss1    ,hss2    )	(ha1     ,ha2     )	(vss1    ,vss2    )	(va1     ,va2     ):	fracss	-	fracastar	=	diff
	(5_gapdb, 11_gapdb)	(5_gapdb, 11_gapdb)	(9.2317e+31, 4.54625e+32)	(5.18388e+06, 7.47387e+06)	0.203062	-	0.693601	=	-0.490539
	(2_lmcut, 12_gapdb)	(2_lmcut, 12_gapdb)	(2.48829e+24, 1.12059e+33)	(6.36064e+06, 1.49669e+07)	2.22053e-09	-	0.42498	=	-0.42498
	(0_mands, 12_gapdb)	(0_mands, 12_gapdb)	(3.03422e+30, 1.12059e+33)	(5.21492e+06, 1.49669e+07)	0.00270771	-	0.34843	=	-0.345722
	(9_gapdb, 12_gapdb)	(9_gapdb, 12_gapdb)	(2.77227e+32, 1.12059e+33)	(8.67534e+06, 1.49669e+07)	0.247394	-	0.579635	=	-0.332241
	(2_lmcut, 10_gapdb)	(2_lmcut, 10_gapdb)	(2.48829e+24, 7.53865e+30)	(6.36064e+06, 2.02922e+07)	3.30072e-07	-	0.313452	=	-0.313452
	(2_lmcut, 7_gapdb)	(2_lmcut, 7_gapdb)	(2.48829e+24, 9.25637e+30)	(6.36064e+06, 2.38039e+07)	2.6882e-07	-	0.26721	=	-0.26721
	(2_lmcut, 3_gapdb)	(2_lmcut, 3_gapdb)	(2.48829e+24, 9.56512e+29)	(6.36064e+06, 2.39542e+07)	2.60142e-06	-	0.265533	=	-0.265531
	(5_gapdb, 9_gapdb)	(5_gapdb, 9_gapdb)	(9.2317e+31, 2.77227e+32)	(5.18388e+06, 8.67534e+06)	0.333002	-	0.597542	=	-0.26454
	(5_gapdb, 12_gapdb)	(5_gapdb, 12_gapdb)	(9.2317e+31, 1.12059e+33)	(5.18388e+06, 1.49669e+07)	0.0823828	-	0.346356	=	-0.263973
	(11_gapdb, 12_gapdb)	(11_gapdb, 12_gapdb)	(4.54625e+32, 1.12059e+33)	(7.47387e+06, 1.49669e+07)	0.405703	-	0.49936	=	-0.0936567
	(4_gapdb, 12_gapdb)	(4_gapdb, 12_gapdb)	(2.77284e+32, 1.12059e+33)	(5.07772e+06, 1.49669e+07)	0.247446	-	0.339263	=	-0.0918173
	(4_gapdb, 11_gapdb)	(4_gapdb, 11_gapdb)	(2.77284e+32, 4.54625e+32)	(5.07772e+06, 7.47387e+06)	0.609919	-	0.679396	=	-0.0694777
	(10_gapdb, 7_gapdb)	(10_gapdb, 7_gapdb)	(7.53865e+30, 9.25637e+30)	(2.02922e+07, 2.38039e+07)	0.814428	-	0.852474	=	-0.0380458
	(7_gapdb, 10_gapdb)	(7_gapdb, 10_gapdb)	(9.25637e+30, 7.53865e+30)	(2.38039e+07, 2.02922e+07)	1.22786	-	1.17306	=	0.0547991
	(0_mands, 7_gapdb)	(0_mands, 7_gapdb)	(3.03422e+30, 9.25637e+30)	(5.21492e+06, 2.38039e+07)	0.327798	-	0.219078	=	0.10872
	(0_mands, 10_gapdb)	(0_mands, 10_gapdb)	(3.03422e+30, 7.53865e+30)	(5.21492e+06, 2.02922e+07)	0.402489	-	0.256991	=	0.145498
	(11_gapdb, 4_gapdb)	(11_gapdb, 4_gapdb)	(4.54625e+32, 2.77284e+32)	(7.47387e+06, 5.07772e+06)	1.63956	-	1.47189	=	0.167668
	(4_gapdb, 9_gapdb)	(4_gapdb, 9_gapdb)	(2.77284e+32, 2.77227e+32)	(5.07772e+06, 8.67534e+06)	1.00021	-	0.585305	=	0.414904
	(12_gapdb, 11_gapdb)	(12_gapdb, 11_gapdb)	(1.12059e+33, 4.54625e+32)	(1.49669e+07, 7.47387e+06)	2.46486	-	2.00256	=	0.462292



instance_name: pfile01-002_F_75.csv

A*:	{
		(0_ipdb,1.87585e+07)
		(1_gapdb,5.97877e+06)
		(2_lmcut,7.80714e+06)
		(3_gapdb,2.38517e+07)
		(4_gapdb,9.12683e+06)
		(5_gapdb,5.88796e+06)
		(6_gapdb,2.0193e+07)
		(7_gapdb,5.05894e+06)
		(8_gapdb,7.93581e+06)
		(9_mands,8.18807e+06)
		(10_gapdb,1.15494e+07)
		(11_gapdb,1.96735e+06)
		(12_gapdb,4.7914e+06)
	}
ss:	{
		(0_ipdb,1.88273e+35)
		(1_gapdb,7.41058e+40)
		(2_lmcut,3.9473e+34)
		(3_gapdb,2.03556e+39)
		(4_gapdb,9.52449e+40)
		(5_gapdb,2.02158e+40)
		(6_gapdb,2.09935e+39)
		(7_gapdb,6.5421e+40)
		(8_gapdb,2.38127e+40)
		(9_mands,2.04149e+39)
		(10_gapdb,7.45501e+40)
		(11_gapdb,2.78454e+42)
		(12_gapdb,3.08214e+41)
	}

Measure_1:

-A* h1/h2
	1	3.13752	2.40274	0.786464	2.05531	3.18591	0.928961	3.70799	2.36378	2.29096	1.6242	9.53491	3.91504
	0.318723	1	0.765808	0.250664	0.655076	1.01542	0.296081	1.18182	0.753391	0.730181	0.517669	3.039	1.24781
	0.416192	1.30581	1	0.32732	0.855405	1.32595	0.386626	1.54324	0.983786	0.953477	0.675978	3.96835	1.62941
	1.27151	3.9894	3.05511	1	2.61336	4.05093	1.18119	4.71476	3.00558	2.91298	2.06519	12.1238	4.97802
	0.486544	1.52654	1.16904	0.382649	1	1.55008	0.45198	1.8041	1.15008	1.11465	0.790243	4.63915	1.90484
	0.313882	0.984811	0.754176	0.246857	0.645127	1	0.291584	1.16387	0.741948	0.71909	0.509807	2.99284	1.22886
	1.07647	3.37745	2.58648	0.846606	2.21249	3.42954	1	3.99155	2.54454	2.46615	1.7484	10.2641	4.21443
	0.269688	0.846151	0.647989	0.2121	0.554293	0.859201	0.250529	1	0.637483	0.617843	0.438026	2.57145	1.05584
	0.423051	1.32733	1.01648	0.332715	0.869503	1.3478	0.392998	1.56867	1	0.969192	0.687119	4.03376	1.65626
	0.436499	1.36952	1.04879	0.343291	0.897143	1.39065	0.405491	1.61853	1.03179	1	0.708961	4.16198	1.70891
	0.615689	1.93174	1.47934	0.484217	1.26543	1.96153	0.571951	2.28297	1.45535	1.41052	1	5.87054	2.41044
	0.104878	0.329056	0.251994	0.0824826	0.215557	0.334131	0.0974273	0.388886	0.247908	0.24027	0.170342	1	0.4106
	0.255426	0.801402	0.61372	0.200883	0.52498	0.813762	0.23728	0.947115	0.603769	0.585168	0.414861	2.43546	1

-ss h1/h2
	1	2.5406e-06	4.76967	9.2492e-05	1.97673e-06	9.31319e-06	8.96816e-05	2.87787e-06	7.90643e-06	9.22237e-05	2.52546e-06	6.76138e-08	6.10853e-07
	393607	1	1.87738e+06	36.4055	0.778055	3.66574	35.2993	1.13275	3.11203	36.2999	0.994039	0.0266133	0.240436
	0.209658	5.32658e-07	1	1.93917e-05	4.14437e-07	1.95258e-06	1.88025e-05	6.03369e-07	1.65765e-06	1.93354e-05	5.29483e-07	1.41758e-08	1.2807e-07
	10811.7	0.0274684	51568.5	1	0.0213719	0.100692	0.969614	0.0311148	0.0854824	0.997099	0.0273046	0.000731024	0.00660439
	505886	1.28526	2.41291e+06	46.7904	1	4.71141	45.3687	1.45588	3.99975	46.6547	1.2776	0.0342049	0.309022
	107375	0.272796	512142	9.93129	0.21225	1	9.62952	0.309011	0.84895	9.90248	0.27117	0.00726001	0.0655901
	11150.6	0.0283292	53184.6	1.03134	0.0220416	0.103847	1	0.0320899	0.0881612	1.02835	0.0281603	0.000753932	0.00681136
	347479	0.882806	1.65736e+06	32.139	0.686871	3.23614	31.1624	1	2.74732	32.0458	0.877544	0.0234944	0.212258
	126479	0.321334	603265	11.6983	0.250015	1.17793	11.3429	0.363991	1	11.6644	0.319418	0.00855175	0.0772603
	10843.2	0.0275483	51718.5	1.00291	0.0214341	0.100985	0.972435	0.0312054	0.085731	1	0.0273841	0.00073315	0.0066236
	395968	1.006	1.88864e+06	36.6238	0.782721	3.68772	35.511	1.13954	3.13069	36.5176	1	0.0267729	0.241878
	1.47899e+07	37.5752	7.05429e+07	1367.94	29.2356	137.741	1326.38	42.5634	116.935	1363.98	37.3512	1	9.03444
	1.63705e+06	4.15911	7.80822e+06	151.414	3.23601	15.2462	146.814	4.71124	12.9433	150.975	4.13432	0.110688	1

Measure_2:
- The heuristics that have the similar ratio are: (diff = 0.5)
	(hss1    ,hss2    )	(ha1     ,ha2     )	(vss1    ,vss2    )	(va1     ,va2     ):	fracss	-	fracastar	=	diff
	(10_gapdb, 4_gapdb)	(10_gapdb, 4_gapdb)	(7.45501e+40, 9.52449e+40)	(1.15494e+07, 9.12683e+06)	0.782721	-	1.26543	=	-0.482713
	(5_gapdb, 4_gapdb)	(5_gapdb, 4_gapdb)	(2.02158e+40, 9.52449e+40)	(5.88796e+06, 9.12683e+06)	0.21225	-	0.645127	=	-0.432876
	(2_lmcut, 6_gapdb)	(2_lmcut, 6_gapdb)	(3.9473e+34, 2.09935e+39)	(7.80714e+06, 2.0193e+07)	1.88025e-05	-	0.386626	=	-0.386607
	(8_gapdb, 10_gapdb)	(8_gapdb, 10_gapdb)	(2.38127e+40, 7.45501e+40)	(7.93581e+06, 1.15494e+07)	0.319418	-	0.687119	=	-0.3677
	(4_gapdb, 7_gapdb)	(4_gapdb, 7_gapdb)	(9.52449e+40, 6.5421e+40)	(9.12683e+06, 5.05894e+06)	1.45588	-	1.8041	=	-0.348223
	(2_lmcut, 3_gapdb)	(2_lmcut, 3_gapdb)	(3.9473e+34, 2.03556e+39)	(7.80714e+06, 2.38517e+07)	1.93917e-05	-	0.32732	=	-0.327301
	(4_gapdb, 1_gapdb)	(4_gapdb, 1_gapdb)	(9.52449e+40, 7.41058e+40)	(9.12683e+06, 5.97877e+06)	1.28526	-	1.52654	=	-0.241283
	(5_gapdb, 10_gapdb)	(5_gapdb, 10_gapdb)	(2.02158e+40, 7.45501e+40)	(5.88796e+06, 1.15494e+07)	0.27117	-	0.509807	=	-0.238636
	(3_gapdb, 6_gapdb)	(3_gapdb, 6_gapdb)	(2.03556e+39, 2.09935e+39)	(2.38517e+07, 2.0193e+07)	0.969614	-	1.18119	=	-0.211572
	(2_lmcut, 0_ipdb)	(2_lmcut, 0_ipdb)	(3.9473e+34, 1.88273e+35)	(7.80714e+06, 1.87585e+07)	0.209658	-	0.416192	=	-0.206534
	(8_gapdb, 5_gapdb)	(8_gapdb, 5_gapdb)	(2.38127e+40, 2.02158e+40)	(7.93581e+06, 5.88796e+06)	1.17793	-	1.3478	=	-0.169877
	(1_gapdb, 7_gapdb)	(1_gapdb, 7_gapdb)	(7.41058e+40, 6.5421e+40)	(5.97877e+06, 5.05894e+06)	1.13275	-	1.18182	=	-0.0490708
	(7_gapdb, 1_gapdb)	(7_gapdb, 1_gapdb)	(6.5421e+40, 7.41058e+40)	(5.05894e+06, 5.97877e+06)	0.882806	-	0.846151	=	0.0366552
	(5_gapdb, 8_gapdb)	(5_gapdb, 8_gapdb)	(2.02158e+40, 2.38127e+40)	(5.88796e+06, 7.93581e+06)	0.84895	-	0.741948	=	0.107002
	(1_gapdb, 4_gapdb)	(1_gapdb, 4_gapdb)	(7.41058e+40, 9.52449e+40)	(5.97877e+06, 9.12683e+06)	0.778055	-	0.655076	=	0.122979
	(7_gapdb, 4_gapdb)	(7_gapdb, 4_gapdb)	(6.5421e+40, 9.52449e+40)	(5.05894e+06, 9.12683e+06)	0.686871	-	0.554293	=	0.132578
	(6_gapdb, 3_gapdb)	(6_gapdb, 3_gapdb)	(2.09935e+39, 2.03556e+39)	(2.0193e+07, 2.38517e+07)	1.03134	-	0.846606	=	0.184732
	(7_gapdb, 10_gapdb)	(7_gapdb, 10_gapdb)	(6.5421e+40, 7.45501e+40)	(5.05894e+06, 1.15494e+07)	0.877544	-	0.438026	=	0.439517
	(1_gapdb, 10_gapdb)	(1_gapdb, 10_gapdb)	(7.41058e+40, 7.45501e+40)	(5.97877e+06, 1.15494e+07)	0.994039	-	0.517669	=	0.47637
	(4_gapdb, 10_gapdb)	(4_gapdb, 10_gapdb)	(9.52449e+40, 7.45501e+40)	(9.12683e+06, 1.15494e+07)	1.2776	-	0.790243	=	0.487352



instance_name: pfile01-003_F_79.csv

A*:	{
		(0_ipdb,1.87585e+07)
		(1_lmcut,7.82429e+06)
		(2_gapdb,1.20464e+07)
		(3_gapdb,4.33899e+06)
		(4_gapdb,1.13898e+07)
		(5_gapdb,4.7809e+06)
		(6_gapdb,4.79651e+06)
		(7_gapdb,8.64094e+06)
		(8_gapdb,1.91249e+06)
		(9_gapdb,3.17376e+06)
		(10_gapdb,2.0193e+07)
		(11_gapdb,9.12805e+06)
		(12_mands,5.07895e+06)
	}
ss:	{
		(0_ipdb,6.51218e+39)
		(1_lmcut,6.89783e+37)
		(2_gapdb,1.1893e+45)
		(3_gapdb,9.06301e+45)
		(4_gapdb,3.0147e+45)
		(5_gapdb,3.01454e+45)
		(6_gapdb,1.79637e+46)
		(7_gapdb,7.70192e+44)
		(8_gapdb,7.23217e+46)
		(9_gapdb,4.25147e+45)
		(10_gapdb,2.95268e+43)
		(11_gapdb,1.19051e+45)
		(12_mands,2.56261e+43)
	}

Measure_1:

-A* h1/h2
	1	2.39747	1.55719	4.32324	1.64696	3.92363	3.91086	2.17089	9.80842	5.9105	0.928961	2.05504	3.69338
	0.417106	1	0.649513	1.80325	0.686956	1.63657	1.63125	0.905491	4.09115	2.46531	0.387475	0.85717	1.54053
	0.642184	1.53962	1	2.77631	1.05765	2.51969	2.51149	1.39411	6.2988	3.79562	0.596563	1.31971	2.37183
	0.231308	0.554554	0.36019	1	0.380954	0.907568	0.904614	0.502143	2.26876	1.36714	0.214876	0.475347	0.854308
	0.607181	1.4557	0.945494	2.62499	1	2.38235	2.3746	1.31812	5.95548	3.58874	0.564047	1.24778	2.24255
	0.254866	0.611033	0.396874	1.10185	0.419753	1	0.996746	0.553285	2.49983	1.50638	0.23676	0.523759	0.941317
	0.255698	0.613028	0.39817	1.10544	0.421123	1.00327	1	0.555091	2.50799	1.5113	0.237533	0.525469	0.94439
	0.460641	1.10437	0.717305	1.99146	0.758656	1.80739	1.80151	1	4.51816	2.72262	0.427918	0.946636	1.70132
	0.101953	0.24443	0.15876	0.440768	0.167913	0.400027	0.398725	0.221329	1	0.602594	0.0947105	0.209518	0.376552
	0.169191	0.405629	0.263461	0.731451	0.278649	0.663842	0.661681	0.367293	1.65949	1	0.157171	0.347693	0.624885
	1.07647	2.58081	1.67627	4.65385	1.7729	4.22368	4.20994	2.3369	10.5585	6.36248	1	2.21219	3.97582
	0.486609	1.16663	0.757741	2.10373	0.801423	1.90927	1.90306	1.05637	4.77286	2.8761	0.45204	1	1.79723
	0.270755	0.649126	0.421616	1.17054	0.445921	1.06234	1.05888	0.587777	2.65567	1.60029	0.25152	0.556411	1

-ss h1/h2
	1	94.4092	5.47564e-06	7.18545e-07	2.16015e-06	2.16025e-06	3.62519e-07	8.45527e-06	9.00446e-08	1.53175e-06	0.000220552	5.47009e-06	0.000254123
	0.0105922	1	5.7999e-08	7.61097e-09	2.28807e-08	2.28818e-08	3.83987e-09	8.95599e-08	9.5377e-10	1.62246e-08	2.33613e-06	5.79403e-08	2.69172e-06
	182627	1.72417e+07	1	0.131226	0.394501	0.394521	0.0662058	1.54416	0.0164446	0.279739	40.2787	0.998987	46.4097
	1.3917e+06	1.31389e+08	7.62045	1	3.00628	3.00643	0.504518	11.7672	0.125315	2.13174	306.942	7.61273	353.663
	462932	4.3705e+07	2.53485	0.332637	1	1.00005	0.167822	3.91421	0.0416845	0.709095	102.1	2.53228	117.641
	462908	4.37028e+07	2.53472	0.332621	0.99995	1	0.167813	3.91402	0.0416824	0.709059	102.095	2.53215	117.636
	2.75848e+06	2.60425e+08	15.1044	1.98209	5.95871	5.95901	1	23.3237	0.248386	4.22529	608.387	15.0891	700.991
	118269	1.11657e+07	0.6476	0.0849819	0.255479	0.255492	0.0428749	1	0.0106495	0.181159	26.0845	0.646945	30.0549
	1.11056e+07	1.04847e+09	60.8103	7.97988	23.9897	23.9909	4.02599	93.9009	1	17.011	2449.36	60.7487	2822.19
	652849	6.16349e+07	3.57476	0.469101	1.41025	1.41032	0.23667	5.52001	0.0587855	1	143.987	3.57114	165.904
	4534.08	428059	0.024827	0.00325794	0.00979428	0.00979477	0.00164369	0.0383369	0.00040827	0.00694507	1	0.0248018	1.15221
	182812	1.72592e+07	1.00101	0.131359	0.394901	0.394921	0.0662729	1.54573	0.0164613	0.280022	40.3196	1	46.4567
	3935.11	371510	0.0215472	0.00282755	0.00850041	0.00850083	0.00142655	0.0332724	0.000354335	0.00602759	0.867895	0.0215254	1

Measure_2:
- The heuristics that have the similar ratio are: (diff = 0.5)
	(hss1    ,hss2    )	(ha1     ,ha2     )	(vss1    ,vss2    )	(va1     ,va2     ):	fracss	-	fracastar	=	diff
	(12_mands, 4_gapdb)	(12_mands, 4_gapdb)	(2.56261e+43, 3.0147e+45)	(5.07895e+06, 1.13898e+07)	0.00850041	-	0.445921	=	-0.437421
	(9_gapdb, 6_gapdb)	(9_gapdb, 6_gapdb)	(4.25147e+45, 1.79637e+46)	(3.17376e+06, 4.79651e+06)	0.23667	-	0.661681	=	-0.425011
	(11_gapdb, 4_gapdb)	(11_gapdb, 4_gapdb)	(1.19051e+45, 3.0147e+45)	(9.12805e+06, 1.13898e+07)	0.394901	-	0.801423	=	-0.406522
	(1_lmcut, 0_ipdb)	(1_lmcut, 0_ipdb)	(6.89783e+37, 6.51218e+39)	(7.82429e+06, 1.87585e+07)	0.0105922	-	0.417106	=	-0.406514
	(3_gapdb, 6_gapdb)	(3_gapdb, 6_gapdb)	(9.06301e+45, 1.79637e+46)	(4.33899e+06, 4.79651e+06)	0.504518	-	0.904614	=	-0.400096
	(12_mands, 2_gapdb)	(12_mands, 2_gapdb)	(2.56261e+43, 1.1893e+45)	(5.07895e+06, 1.20464e+07)	0.0215472	-	0.421616	=	-0.400068
	(1_lmcut, 10_gapdb)	(1_lmcut, 10_gapdb)	(6.89783e+37, 2.95268e+43)	(7.82429e+06, 2.0193e+07)	2.33613e-06	-	0.387475	=	-0.387473
	(2_gapdb, 11_gapdb)	(2_gapdb, 11_gapdb)	(1.1893e+45, 1.19051e+45)	(1.20464e+07, 9.12805e+06)	0.998987	-	1.31971	=	-0.320725
	(7_gapdb, 11_gapdb)	(7_gapdb, 11_gapdb)	(7.70192e+44, 1.19051e+45)	(8.64094e+06, 9.12805e+06)	0.646945	-	0.946636	=	-0.299691
	(9_gapdb, 3_gapdb)	(9_gapdb, 3_gapdb)	(4.25147e+45, 9.06301e+45)	(3.17376e+06, 4.33899e+06)	0.469101	-	0.731451	=	-0.26235
	(7_gapdb, 2_gapdb)	(7_gapdb, 2_gapdb)	(7.70192e+44, 1.1893e+45)	(8.64094e+06, 1.20464e+07)	0.6476	-	0.717305	=	-0.0697045
	(2_gapdb, 7_gapdb)	(2_gapdb, 7_gapdb)	(1.1893e+45, 7.70192e+44)	(1.20464e+07, 8.64094e+06)	1.54416	-	1.39411	=	0.150055
	(11_gapdb, 2_gapdb)	(11_gapdb, 2_gapdb)	(1.19051e+45, 1.1893e+45)	(9.12805e+06, 1.20464e+07)	1.00101	-	0.757741	=	0.243273
	(11_gapdb, 7_gapdb)	(11_gapdb, 7_gapdb)	(1.19051e+45, 7.70192e+44)	(9.12805e+06, 8.64094e+06)	1.54573	-	1.05637	=	0.489355



instance_name: pfile01-004_F_75.csv

A*:	{
		(0_ipdb,1.87585e+07)
		(1_mands,8.18807e+06)
		(2_gapdb,4.76244e+06)
		(3_lmcut,7.80736e+06)
		(4_gapdb,6.24091e+06)
		(5_gapdb,1.96735e+06)
		(6_gapdb,4.33899e+06)
		(7_gapdb,5.88796e+06)
		(8_gapdb,9.12683e+06)
		(9_gapdb,1.20292e+07)
		(10_gapdb,2.0193e+07)
		(11_gapdb,6.25499e+06)
		(12_gapdb,1.15494e+07)
	}
ss:	{
		(0_ipdb,1.31842e+34)
		(1_mands,4.17273e+40)
		(2_gapdb,2.98444e+42)
		(3_lmcut,1.5555e+34)
		(4_gapdb,4.08072e+43)
		(5_gapdb,1.05215e+44)
		(6_gapdb,2.21598e+43)
		(7_gapdb,2.70601e+42)
		(8_gapdb,3.60052e+42)
		(9_gapdb,3.23902e+42)
		(10_gapdb,1.36524e+41)
		(11_gapdb,8.69235e+42)
		(12_gapdb,1.07613e+43)
	}

Measure_1:

-A* h1/h2
	1	2.29096	3.93884	2.40267	3.00573	9.53491	4.32324	3.18591	2.05531	1.55941	0.928961	2.99897	1.6242
	0.436499	1	1.7193	1.04876	1.312	4.16198	1.88709	1.39065	0.897143	0.680683	0.405491	1.30905	0.708961
	0.253882	0.581632	1	0.609994	0.7631	2.42074	1.09759	0.808844	0.521807	0.395907	0.235846	0.761383	0.412354
	0.416204	0.953504	1.63936	1	1.251	3.96847	1.79935	1.32599	0.85543	0.649034	0.386637	1.24818	0.675997
	0.332698	0.762195	1.31044	0.799362	1	3.17224	1.43833	1.05994	0.683798	0.518813	0.309063	0.997749	0.540367
	0.104878	0.24027	0.413097	0.251987	0.315234	1	0.453412	0.334131	0.215557	0.163548	0.0974273	0.314525	0.170342
	0.231308	0.529916	0.911085	0.555756	0.69525	2.2055	1	0.736926	0.47541	0.360705	0.214876	0.693685	0.37569
	0.313882	0.71909	1.23633	0.754155	0.943446	2.99284	1.35699	1	0.645127	0.489472	0.291584	0.941322	0.509807
	0.486544	1.11465	1.91642	1.169	1.46242	4.63915	2.10345	1.55008	1	0.758723	0.45198	1.45913	0.790243
	0.641267	1.46911	2.52585	1.54075	1.92748	6.11442	2.77235	2.04302	1.318	1	0.595711	1.92314	1.04154
	1.07647	2.46615	4.24005	2.58641	3.23559	10.2641	4.65385	3.42954	2.21249	1.67867	1	3.2283	1.7484
	0.333448	0.763915	1.3134	0.801166	1.00226	3.1794	1.44158	1.06234	0.685341	0.519984	0.30976	1	0.541586
	0.615689	1.41052	2.4251	1.4793	1.8506	5.87054	2.66177	1.96153	1.26543	0.960114	0.571951	1.84643	1

-ss h1/h2
	1	3.15961e-07	4.41764e-09	0.847587	3.23085e-10	1.25307e-10	5.94961e-10	4.8722e-09	3.66175e-09	4.07043e-09	9.65703e-08	1.51676e-09	1.22515e-09
	3.16495e+06	1	0.0139816	2.68257e+06	0.00102255	0.000396591	0.00188302	0.0154203	0.0115893	0.0128827	0.30564	0.00480047	0.00387755
	2.26365e+08	71.5224	1	1.91864e+08	0.0731353	0.0283651	0.134678	1.1029	0.828893	0.921403	21.8602	0.343341	0.277332
	1.17982	3.72777e-07	5.21202e-09	1	3.81183e-10	1.4784e-10	7.01947e-10	5.74832e-09	4.32021e-09	4.80238e-09	1.13936e-07	1.7895e-09	1.44546e-09
	3.09516e+09	977.948	13.6733	2.62341e+09	1	0.387845	1.8415	15.0802	11.3337	12.5986	298.9	4.69461	3.79204
	7.9804e+09	2521.49	35.2545	6.76408e+09	2.57835	1	4.74802	38.8821	29.2222	32.4836	770.67	12.1043	9.77722
	1.68078e+09	531.061	7.4251	1.42461e+09	0.543037	0.210614	1	8.18911	6.15461	6.84151	162.314	2.54934	2.05922
	2.05246e+08	64.8497	0.906704	1.73964e+08	0.066312	0.0257188	0.122113	1	0.75156	0.83544	19.8207	0.311309	0.251458
	2.73093e+08	86.2868	1.20643	2.3147e+08	0.0882325	0.0342205	0.16248	1.33057	1	1.11161	26.3727	0.414217	0.334581
	2.45674e+08	77.6234	1.0853	2.0823e+08	0.0793738	0.0307847	0.146167	1.19697	0.899598	1	23.7249	0.372629	0.300989
	1.03551e+07	3.27182	0.0457453	8.77688e+06	0.0033456	0.00129757	0.0061609	0.0504523	0.037918	0.0421499	1	0.0157063	0.0126866
	6.59301e+08	208.313	2.91255	5.58814e+08	0.21301	0.082615	0.392258	3.21224	2.41419	2.68364	63.6689	1	0.807745
	8.16224e+08	257.895	3.60579	6.9182e+08	0.26371	0.102279	0.485621	3.97681	2.98881	3.32238	78.823	1.23801	1

Measure_2:
- The heuristics that have the similar ratio are: (diff = 0.5)
	(hss1    ,hss2    )	(ha1     ,ha2     )	(vss1    ,vss2    )	(va1     ,va2     ):	fracss	-	fracastar	=	diff
	(8_gapdb, 12_gapdb)	(8_gapdb, 12_gapdb)	(3.60052e+42, 1.07613e+43)	(9.12683e+06, 1.15494e+07)	0.334581	-	0.790243	=	-0.455661
	(9_gapdb, 8_gapdb)	(9_gapdb, 8_gapdb)	(3.23902e+42, 3.60052e+42)	(1.20292e+07, 9.12683e+06)	0.899598	-	1.318	=	-0.418406
	(2_gapdb, 11_gapdb)	(2_gapdb, 11_gapdb)	(2.98444e+42, 8.69235e+42)	(4.76244e+06, 6.25499e+06)	0.343341	-	0.761383	=	-0.418041
	(3_lmcut, 10_gapdb)	(3_lmcut, 10_gapdb)	(1.5555e+34, 1.36524e+41)	(7.80736e+06, 2.0193e+07)	1.13936e-07	-	0.386637	=	-0.386637
	(7_gapdb, 2_gapdb)	(7_gapdb, 2_gapdb)	(2.70601e+42, 2.98444e+42)	(5.88796e+06, 4.76244e+06)	0.906704	-	1.23633	=	-0.329629
	(7_gapdb, 12_gapdb)	(7_gapdb, 12_gapdb)	(2.70601e+42, 1.07613e+43)	(5.88796e+06, 1.15494e+07)	0.251458	-	0.509807	=	-0.258348
	(8_gapdb, 7_gapdb)	(8_gapdb, 7_gapdb)	(3.60052e+42, 2.70601e+42)	(9.12683e+06, 5.88796e+06)	1.33057	-	1.55008	=	-0.219518
	(6_gapdb, 4_gapdb)	(6_gapdb, 4_gapdb)	(2.21598e+43, 4.08072e+43)	(4.33899e+06, 6.24091e+06)	0.543037	-	0.69525	=	-0.152213
	(2_gapdb, 12_gapdb)	(2_gapdb, 12_gapdb)	(2.98444e+42, 1.07613e+43)	(4.76244e+06, 1.15494e+07)	0.277332	-	0.412354	=	-0.135022
	(1_mands, 10_gapdb)	(1_mands, 10_gapdb)	(4.17273e+40, 1.36524e+41)	(8.18807e+06, 2.0193e+07)	0.30564	-	0.405491	=	-0.09985
	(7_gapdb, 8_gapdb)	(7_gapdb, 8_gapdb)	(2.70601e+42, 3.60052e+42)	(5.88796e+06, 9.12683e+06)	0.75156	-	0.645127	=	0.106434
	(11_gapdb, 12_gapdb)	(11_gapdb, 12_gapdb)	(8.69235e+42, 1.07613e+43)	(6.25499e+06, 1.15494e+07)	0.807745	-	0.541586	=	0.266159
	(2_gapdb, 7_gapdb)	(2_gapdb, 7_gapdb)	(2.98444e+42, 2.70601e+42)	(4.76244e+06, 5.88796e+06)	1.1029	-	0.808844	=	0.294052
	(2_gapdb, 8_gapdb)	(2_gapdb, 8_gapdb)	(2.98444e+42, 3.60052e+42)	(4.76244e+06, 9.12683e+06)	0.828893	-	0.521807	=	0.307086
	(7_gapdb, 9_gapdb)	(7_gapdb, 9_gapdb)	(2.70601e+42, 3.23902e+42)	(5.88796e+06, 1.20292e+07)	0.83544	-	0.489472	=	0.345968
	(8_gapdb, 9_gapdb)	(8_gapdb, 9_gapdb)	(3.60052e+42, 3.23902e+42)	(9.12683e+06, 1.20292e+07)	1.11161	-	0.758723	=	0.352884
	(4_gapdb, 6_gapdb)	(4_gapdb, 6_gapdb)	(4.08072e+43, 2.21598e+43)	(6.24091e+06, 4.33899e+06)	1.8415	-	1.43833	=	0.403164

