	Report:		ida*-bfs-vs-ss-bfs - using ipdb heuristic - 1000 probes.

blocks

probBLOCKS-15-0.pddl
bound		ida*-bfs (exp)		ss-bfs (exp)
26		38			36.675
28		2993			3520.84
30		181180			172481
32		9.92211e+06			1.06681e+07
33		9.92522e+06			1.09519e+07
34		5.20199e+08			3.7412e+08
35		5.20998e+08			4.57526e+08

probBLOCKS-16-2.pddl
bound		ida*-bfs (exp)		ss-bfs (exp)
26		3			3
28		21			20.97
29		23			23.016
30		175			178.53
31		194			198.444
32		1943			1817.18
33		2140			2133.97
34		29110			25232.5
35		32004			34416.4
36		565198			507305
37		626809			602286
38		1.34376e+07			2.15554e+07
39		1.51338e+07			1.26186e+07
40		3.69302e+08			3.58879e+08
41		4.2336e+08			3.14616e+08
42		1.11719e+10			7.97265e+09

probBLOCKS-5-2.pddl
bound		ida*-bfs (exp)		ss-bfs (exp)
8		2			2
10		7			6.978
12		29			29.514
14		170			170.702
15		177			188.326
16		1497			1463.47

probBLOCKS-9-2.pddl
bound		ida*-bfs (exp)		ss-bfs (exp)
16		3			3
18		16			16.126
19		18			18.238
20		98			95.536
21		118			119.992
22		793			835.116
23		987			1002.57
24		9115			7416.75
25		11097			11287.7
26		193819			373383

probBLOCKS-8-2.pddl
bound		ida*-bfs (exp)		ss-bfs (exp)
14		82			84.332
15		84			86.32
16		4261			5439.09

probBLOCKS-6-0.pddl
bound		ida*-bfs (exp)		ss-bfs (exp)
10		6			6
11		7			7
12		70			70.008

probBLOCKS-4-2.pddl
bound		ida*-bfs (exp)		ss-bfs (exp)
6		10			9.74

probBLOCKS-8-0.pddl
bound		ida*-bfs (exp)		ss-bfs (exp)
12		5			4.976
13		7			6.97
14		113			111.343
15		150			143.663
16		2316			2365.05
17		3051			2810.47
18		47413			56551.5

probBLOCKS-4-1.pddl
bound		ida*-bfs (exp)		ss-bfs (exp)
4		1			1
5		2			2
6		4			4
7		6			6
8		12			12
9		17			17.048
10		48			50.606

probBLOCKS-13-0.pddl
bound		ida*-bfs (exp)		ss-bfs (exp)
24		4			4
26		55			53.296
28		927			741.574
30		26066			17437.8
31		26142			17014
32		981982			604199
33		995413			686311
34		4.01068e+07			3.61677e+07
35		4.14996e+07			3.61677e+07
36		1.69652e+09			6.35422e+08
37		1.8084e+09			4.22358e+08

probBLOCKS-11-0.pddl
bound		ida*-bfs (exp)		ss-bfs (exp)
20		23			550.06
21		28			661.141
22		1315			9812.67
23		1618			11090.5
24		69606			170474
25		86557			199212
26		3.51914e+06			3.18801e+06
27		4.40907e+06			3.58575e+06
28		1.72089e+08			6.73431e+07
29		2.15908e+08			7.83045e+07
30		8.24758e+09			1.15076e+09

probBLOCKS-12-0.pddl
bound		ida*-bfs (exp)		ss-bfs (exp)
32		6			1.36291e+09
34		378			2.17952e+10
35		383			2.01882e+10
36		23938			2.09702e+11
37		24643			7.30997e+11
38		1.47186e+06			1.48212e+14
39		1.54168e+06			1.39224e+14
40		9.86696e+07			4.88584e+15
41		1.04724e+08			1.66737e+15
42		8.44534e+09			4.07653e+16

probBLOCKS-13-1.pddl
bound		ida*-bfs (exp)		ss-bfs (exp)
24		2			2
25		3			3
26		18			18.132
27		23			23.028
28		146			146.214
29		179			180.402
30		1400			1339.79
31		1675			1648.76
32		18011			20724
33		21211			19786.2
34		330699			242269
35		389140			280941
36		8.21884e+06			5.66231e+06
37		9.74226e+06			7.03059e+06
38		2.6014e+08			8.26957e+07
39		3.08652e+08			2.12674e+08
40		1.0654e+10			9.44382e+09

probBLOCKS-5-0.pddl
bound		ida*-bfs (exp)		ss-bfs (exp)
6		3			3
7		4			4
8		16			15.928
9		20			19.768
10		79			78.808
11		98			96.97
12		464			448.898

probBLOCKS-7-2.pddl
bound		ida*-bfs (exp)		ss-bfs (exp)
10		3			3
12		29			30.384
14		256			265.296
16		2260			2526.26
17		2269			2286.19
18		20469			21897.6
19		20730			19793.1
20		201387			219025

probBLOCKS-17-0.pddl
bound		ida*-bfs (exp)		ss-bfs (exp)
32		6			6
34		378			425.975
35		383			395.585
36		23938			26429
37		24643			24205.9
38		1.47186e+06			2.16173e+06
39		1.54168e+06			1.46141e+06
40		9.86696e+07			1.38125e+08
41		1.04724e+08			1.03903e+08
42		8.44534e+09			4.3301e+09

probBLOCKS-5-1.pddl
bound		ida*-bfs (exp)		ss-bfs (exp)
6		3			3
7		5			5
8		25			25.229
9		37			37.12
10		199			200.578

probBLOCKS-11-2.pddl
bound		ida*-bfs (exp)		ss-bfs (exp)
16		2			2
18		13			13.028
20		96			96.08
22		808			838.48
23		816			846.228
24		7581			7855.63
25		7743			7811.29
26		79821			91441
27		82829			94206.7
28		989930			941278
29		1.0491e+06			939647
30		1.54211e+07			1.75129e+07
31		1.66549e+07			1.75867e+07
32		3.08102e+08			2.4809e+08
33		3.35076e+08			6.01029e+08
34		7.54899e+09			6.36382e+09

probBLOCKS-12-1.pddl
bound		ida*-bfs (exp)		ss-bfs (exp)
22		3			3
24		21			21.09
25		23			22.998
26		165			167.628
27		186			185.556
28		1621			1696
29		1855			1903.58
30		20625			19052.1
31		23635			22144.7
32		389465			276217
33		434440			361882
34		1.41259e+07			6.7589e+06

probBLOCKS-15-1.pddl
bound		ida*-bfs (exp)		ss-bfs (exp)
26		3			3
28		23			23.064
30		187			190.482
32		1808			1655.42
34		20530			21242.8
36		262065			257134
38		3.63558e+06			3.54879e+06
39		3.63713e+06			2.77721e+06
40		5.43013e+07			4.49707e+07
41		5.44712e+07			4.67454e+07
42		8.93324e+08			9.1082e+08
43		9.04538e+08			1.00244e+09

probBLOCKS-7-1.pddl
bound		ida*-bfs (exp)		ss-bfs (exp)
10		2			2
12		15			14.972
14		97			96.37
15		99			98.464
16		644			629.436
17		668			674.48
18		5015			5000.39
19		5324			5361.76
20		57370			59058.5
21		62437			63383.6
22		1.05948e+06			1.36327e+06

probBLOCKS-8-1.pddl
bound		ida*-bfs (exp)		ss-bfs (exp)
10		5			5.1
11		7			7.15
12		94			96.058
13		127			124.86
14		1498			1529.94
15		2001			2026
16		23355			23494.9
17		30577			30289.8
18		380001			403155
19		482629			504746
20		6.71614e+06			6.53943e+06

probBLOCKS-6-2.pddl
bound		ida*-bfs (exp)		ss-bfs (exp)
10		2			2
12		6			6
13		7			6.938
14		23			23.248
15		29			28.348
16		154			147.804
17		198			186.888
18		1948			2468.76
19		2448			2844.29
20		32649			29309.3

probBLOCKS-14-0.pddl
bound		ida*-bfs (exp)		ss-bfs (exp)
22		3			3
24		29			29.092
26		295			301.174
27		305			311.224
28		3807			3610.82
29		4067			4625.71
30		72380			74810.9
31		79198			84712.6
32		2.18189e+06			1.64573e+06
33		2.41801e+06			1.27293e+06
34		8.90774e+07			2.78539e+07
35		9.94127e+07			3.16274e+07
36		4.09385e+09			3.17604e+10
37		4.59419e+09			6.3778e+08

probBLOCKS-10-0.pddl
bound		ida*-bfs (exp)		ss-bfs (exp)
18		5			4.904
20		38			37.392
22		327			329.516
24		3502			3640.36
25		3505			3631.56
26		46122			49111.7
27		46493			52412
28		770552			529642
29		796776			619766
30		1.70839e+07			9.7379e+06
31		1.8525e+07			1.45595e+07
32		4.87578e+08			3.19356e+08
33		5.56401e+08			3.52373e+08
34		1.62797e+10			1.14413e+10

probBLOCKS-4-0.pddl
bound		ida*-bfs (exp)		ss-bfs (exp)
6		7			7

probBLOCKS-7-0.pddl
bound		ida*-bfs (exp)		ss-bfs (exp)
12		1			1
13		2			2
14		5			5.032
15		7			7.002
16		21			21.52
17		27			26.842
18		133			132.882
19		160			147.618
20		1753			1506.28

probBLOCKS-16-1.pddl
bound		ida*-bfs (exp)		ss-bfs (exp)
30		3			3
31		4			4
32		50			50.176
33		62			62.56
34		801			823.756
35		971			987.892
36		14231			14762.3
37		16983			17596.9
38		315635			283748
39		371353			335482
40		1.11229e+07			6.80849e+06
41		1.28852e+07			7.95053e+06
42		6.78888e+08			1.75029e+08
43		7.71909e+08			2.05569e+08

probBLOCKS-10-2.pddl
bound		ida*-bfs (exp)		ss-bfs (exp)
18		3			3
20		18			17.728
22		119			117.828
23		120			120.844
24		1149			1052.73
25		1212			1129.62
26		16896			25431.6
27		19211			44809.7
28		362011			200896
29		437903			253399
30		1.04763e+07			1.48414e+07
31		1.30125e+07			9.75063e+06
32		3.64288e+08			1.42984e+08
33		4.52207e+08			8.51385e+07
34		1.37079e+10			1.87562e+09

probBLOCKS-14-1.pddl
bound		ida*-bfs (exp)		ss-bfs (exp)
26		9			9
27		10			10.256
28		460			405.424
29		498			477.118
30		27864			31107.9
31		29972			33607.2
32		2.21613e+06			2.02542e+06
33		2.38745e+06			1.31495e+06
34		2.16682e+08			1.19977e+08
35		2.34922e+08			1.40438e+08

probBLOCKS-6-1.pddl
bound		ida*-bfs (exp)		ss-bfs (exp)
10		65			62.648

probBLOCKS-11-1.pddl
bound		ida*-bfs (exp)		ss-bfs (exp)
20		23			22.876
21		28			27.956
22		1315			1231.24
23		1618			1652.39
24		69606			68397
25		86557			84274.9
26		3.51914e+06			3.00996e+06
27		4.40907e+06			4.76214e+06
28		1.72089e+08			2.02651e+08
29		2.15908e+08			2.58052e+08
30		8.24758e+09			8.27482e+09

probBLOCKS-10-1.pddl
bound		ida*-bfs (exp)		ss-bfs (exp)
18		3			3
20		28			27.96
22		281			279.198
24		3574			3477.58
26		59308			82956.6
27		59573			71802.4
28		1.24711e+06			1.14839e+06
29		1.27009e+06			1.37192e+06
30		3.26303e+07			8.45561e+07
31		3.40564e+07			2.43258e+07
32		1.06758e+09			7.13071e+08

probBLOCKS-9-0.pddl
bound		ida*-bfs (exp)		ss-bfs (exp)
14		3			3
16		18			17.886
18		118			121.984
20		989			973.422
22		10038			10178.6
24		115684			142834
26		1.4694e+06			1.30231e+06
27		1.47066e+06			1.88382e+06
28		2.07445e+07			1.52611e+07
29		2.08679e+07			1.52661e+07
30		3.40274e+08			6.93502e+08

probBLOCKS-9-1.pddl
bound		ida*-bfs (exp)		ss-bfs (exp)
14		1			1
16		3			3
18		9			9.055
20		34			34.459
22		183			181.918
24		1352			1372.27
25		1377			1439.75
26		13278			12661.5
27		14012			13364.5
28		179863			138243
