	Report:		ida*-bfs-vs-ss-bfs - using ipdb heuristic - 1000 probes.

nomystery-opt11-strips

p14.pddl
bound		ida*-bfs (exp)		ss-bfs (exp)
16		2			2
17		23			22.832
18		4518			2250.5
19		27454			36533.1

p19.pddl
bound		ida*-bfs (exp)		ss-bfs (exp)
28		6			5.962
29		18			17.602
30		201			228.892
31		2352			2501.17
32		23260			20378.8
33		387168			551751
34		5.45384e+06			4.62724e+06
35		1.97024e+08			4.10976e+07
36		2.53689e+09			6.256e+08

p18.pddl
bound		ida*-bfs (exp)		ss-bfs (exp)
26		1			1
27		2			2
28		15			14.988
29		222			210.684
30		171904			163157
31		1.0371e+07			6.60768e+06
32		9.8026e+07			2.43778e+08
33		2.0507e+09			8.64112e+08

p15.pddl
bound		ida*-bfs (exp)		ss-bfs (exp)
18		1			1
19		8			7.96
20		40			40.055
21		6070			7055.54
22		56709			50869.1
23		942405			880580

p12.pddl
bound		ida*-bfs (exp)		ss-bfs (exp)
12		6			6.04
13		36			40.558
14		280			275.674

p13.pddl
bound		ida*-bfs (exp)		ss-bfs (exp)
14		5			5
15		1899			1966.97

p07.pddl
bound		ida*-bfs (exp)		ss-bfs (exp)
25		16			16.262
26		61			62.142
27		631782			816145
28		1.03385e+07			2.05158e+07
29		2.23111e+08			1.96115e+08
30		3.11824e+09			2.31251e+09

p05.pddl
bound		ida*-bfs (exp)		ss-bfs (exp)
18		1			1
19		8			7.936
20		40			40.436
21		6071			6824.38
22		56782			50256.3
23		1.08306e+06			766935

p01.pddl
bound		ida*-bfs (exp)		ss-bfs (exp)
8		1			1
9		3			3
10		13			12.93
11		207			191.251

p10.pddl
bound		ida*-bfs (exp)		ss-bfs (exp)
30		655			584.41
31		2415			2393.67
32		77862			77840
33		506007			460198
34		1.06529e+07			9.30604e+06
35		9.1676e+07			8.08688e+07
36		1.87794e+09			1.3124e+09

p04.pddl
bound		ida*-bfs (exp)		ss-bfs (exp)
16		2			2
17		25			24.926
18		4597			3955.93
19		106045			110840

p06.pddl
bound		ida*-bfs (exp)		ss-bfs (exp)
23		451			438.244
24		19546			18931.9
25		539253			541662
26		8.7154e+06			7.77666e+06

p17.pddl
bound		ida*-bfs (exp)		ss-bfs (exp)
25		16			15.977
26		61			59.774
27		626504			534347
28		7.9356e+06			7.33353e+06
29		1.37269e+08			1.05254e+08
30		1.53412e+09			1.6669e+09

p20.pddl
bound		ida*-bfs (exp)		ss-bfs (exp)
30		655			583.35
31		2415			2264.93
32		82452			72567.5
33		487758			422184
34		1.03747e+07			8.31171e+06
35		7.77619e+07			5.21957e+07
36		1.54938e+09			1.06037e+09

p03.pddl
bound		ida*-bfs (exp)		ss-bfs (exp)
14		13			12.802
15		1923			1623.04

p09.pddl
bound		ida*-bfs (exp)		ss-bfs (exp)
28		6			6.076
29		18			17.896
30		201			224.152
31		2352			2706.77
32		23260			24680.7
33		387168			368901
34		5.48237e+06			3.02598e+06
35		1.98888e+08			4.80004e+08
36		2.92913e+09			3.12575e+08

p08.pddl
bound		ida*-bfs (exp)		ss-bfs (exp)
26		1			1
27		2			2
28		15			14.856
29		222			218.97
30		171904			147722
31		1.04303e+07			3.5105e+06
32		1.38504e+08			2.42996e+08
33		3.73088e+09			1.75007e+09

p16.pddl
bound		ida*-bfs (exp)		ss-bfs (exp)
23		451			456.636
24		19546			18952.9
25		524813			523061
26		7.89641e+06			8.34048e+06

p11.pddl
bound		ida*-bfs (exp)		ss-bfs (exp)
8		1			1
10		3			3
11		34			33.652
12		90			90.491

p02.pddl
bound		ida*-bfs (exp)		ss-bfs (exp)
12		6			5.998
13		36			36.934
14		1038			780.421
