	Report:		ida*-bfs-vs-ss-bfs - using ipdb heuristic - 1000 probes.

parking-opt11-strips

pfile08-029.pddl
bound		ida*-bfs (exp)		ss-bfs (exp)
21		2			2
22		41			40.858
23		1072			1051.6
24		27106			27681.8
25		678209			649171
26		1.67729e+07			1.66277e+07

pfile05-018.pddl
bound		ida*-bfs (exp)		ss-bfs (exp)
14		2			2
15		44			45.704
16		999			976.118
17		21077			20470.4
18		416444			402600
19		7.95364e+06			7.97068e+06
20		1.47668e+08			1.50099e+08

pfile07-027.pddl
bound		ida*-bfs (exp)		ss-bfs (exp)
20		2			2
21		57			58.196
22		1289			1266.41
23		28848			29433.3
24		637863			655103
25		1.40456e+07			1.39819e+07

pfile06-023.pddl
bound		ida*-bfs (exp)		ss-bfs (exp)
16		1			1
17		21			20.936
18		462			466.788
19		10437			11304
20		227587			230197
21		4.77978e+06			4.71887e+06
22		9.69391e+07			1.01006e+08

pfile08-030.pddl
bound		ida*-bfs (exp)		ss-bfs (exp)
22		3			3
23		113			115.782
24		3367			3454.57
25		92930			98839.2
26		2.46554e+06			2.63581e+06
27		6.38168e+07			6.50471e+07

pfile07-028.pddl
bound		ida*-bfs (exp)		ss-bfs (exp)
20		1			1
21		28			28.2
22		681			687.52
23		16387			16780.2
24		388237			382189
25		9.07834e+06			8.94169e+06

pfile05-019.pddl
bound		ida*-bfs (exp)		ss-bfs (exp)
16		1			1
17		15			14.984
18		305			311.704
19		5989			6129.38
20		113023			111779
21		2.097e+06			2.14792e+06
22		3.81276e+07			3.78264e+07
23		6.82969e+08			6.67372e+08

pfile06-021.pddl
bound		ida*-bfs (exp)		ss-bfs (exp)
17		3			3
18		86			88.687
19		2517			2559.39
20		64194			65347
21		1.53716e+06			1.6468e+06
22		3.47298e+07			3.52994e+07
23		7.52034e+08			7.95986e+08

pfile03-011.pddl
bound		ida*-bfs (exp)		ss-bfs (exp)
8		1			1
9		9			8.973
10		88			87.528
11		824			819.46
12		7675			7505.33
13		73959			71631.7
14		705194			693750

pfile07-026.pddl
bound		ida*-bfs (exp)		ss-bfs (exp)
19		3			3
20		112			113.621
21		3782			3863.48
22		112709			109937
23		3.08247e+06			3.02668e+06
24		7.96148e+07			8.17325e+07

pfile05-017.pddl
bound		ida*-bfs (exp)		ss-bfs (exp)
15		2			2
16		33			32.826
17		750			746.488
18		15945			16227.3
19		317705			320112
20		6.0744e+06			6.22936e+06
21		1.11936e+08			1.11942e+08

pfile03-012.pddl
bound		ida*-bfs (exp)		ss-bfs (exp)
12		1			1
13		10			9.904
14		181			177.058
15		2790			2783.9
16		40452			41871.4
17		559487			545173
18		7.42186e+06			7.14109e+06
19		9.59479e+07			9.19917e+07
20		1.21158e+09			1.1759e+09

pfile06-024.pddl
bound		ida*-bfs (exp)		ss-bfs (exp)
17		1			1
18		40			39.56
19		1327			1332.94
20		36497			36376.6
21		882357			889956
22		1.94712e+07			1.82914e+07
23		4.04024e+08			4.06116e+08

pfile06-022.pddl
bound		ida*-bfs (exp)		ss-bfs (exp)
18		1			1
19		30			30.664
20		727			737.128
21		17354			17954.8
22		391954			405704
23		8.54093e+06			8.56059e+06
24		1.8079e+08			1.85031e+08

pfile04-014.pddl
bound		ida*-bfs (exp)		ss-bfs (exp)
13		1			1
14		17			16.432
15		251			249.531
16		3781			3848.45
17		52616			51202.2
18		725676			737982
19		9.75315e+06			9.41419e+06
20		1.30162e+08			1.32109e+08
21		1.72073e+09			1.65088e+09

pfile05-020.pddl
bound		ida*-bfs (exp)		ss-bfs (exp)
16		5			5
17		110			110.664
18		1932			1922.63
19		32232			32332.9
20		529617			533022
21		8.63305e+06			8.79378e+06
22		1.40374e+08			1.36934e+08

pfile04-015.pddl
bound		ida*-bfs (exp)		ss-bfs (exp)
13		2			2
14		30			30.174
15		554			559.96
16		9398			9790.06
17		155074			156307
18		2.46534e+06			2.42403e+06
19		3.85537e+07			3.8296e+07

pfile07-025.pddl
bound		ida*-bfs (exp)		ss-bfs (exp)
20		1			1
21		29			28.01
22		1152			1079.69
23		35657			35184.2
24		1.01507e+06			987980
25		2.70094e+07			2.69608e+07

pfile04-013.pddl
bound		ida*-bfs (exp)		ss-bfs (exp)
14		1			1
15		18			18.5
16		323			320.27
17		5183			5339.06
18		83069			79193
19		1.2925e+06			1.33455e+06
20		1.98186e+07			1.98815e+07

pfile04-016.pddl
bound		ida*-bfs (exp)		ss-bfs (exp)
12		2			2
13		33			33.331
14		567			533.316
15		8713			9059.8
16		126199			123190
17		1.77248e+06			1.69393e+06
18		2.42049e+07			2.33725e+07
19		3.26594e+08			3.31857e+08
