	Report:		ida*-bfs-vs-ss-bfs - using ipdb heuristic - 1000 probes.

tidybot-opt11-strips

p14.pddl
bound		ida*-bfs (exp)		ss-bfs (exp)
6		2			2
7		8			8
8		31			31
9		90			89.856
10		309			309.827
11		926			923.616
12		3307			3359.89
13		11001			11077.3
14		41097			41552.4
15		147520			156347
16		560964			582463
17		2.0793e+06			2.08903e+06
18		7.91177e+06			8.8209e+06
19		2.95398e+07			2.81446e+07

p19.pddl
bound		ida*-bfs (exp)		ss-bfs (exp)
6		2			2
7		8			8
8		31			31
9		90			90.038
10		309			309.998
11		877			885.879
12		3007			3039.98
13		8766			8844.52
14		30648			30967.7
15		93240			96439.8
16		334658			319299
17		1.06791e+06			1.08188e+06
18		3.94038e+06			3.99668e+06
19		1.31401e+07			1.286e+07
20		4.96487e+07			5.01798e+07

p18.pddl
bound		ida*-bfs (exp)		ss-bfs (exp)
7		1			1
8		3			3
9		7			7
10		20			19.981
11		49			49.545
12		149			149.217
13		375			370.908
14		1222			1199.27
15		3225			3291.87
16		11110			11806.6
17		31047			29868.1
18		111600			111029
19		330465			349379
20		1.22453e+06			1.50906e+06
21		3.81689e+06			4.14008e+06
22		1.44239e+07			1.46524e+07
23		4.6832e+07			4.4355e+07

p15.pddl
bound		ida*-bfs (exp)		ss-bfs (exp)
6		5			5
7		27			27
8		133			133
9		471			470.555
10		1923			1931.75
11		6569			6590.87
12		26708			26323.9
13		96436			98746.5
14		398599			408093
15		1.51544e+06			1.51661e+06
16		6.26236e+06			6.34869e+06
17		2.44189e+07			2.49512e+07

p12.pddl
bound		ida*-bfs (exp)		ss-bfs (exp)
10		1			1
11		3			3
12		9			9
13		21			21
14		59			59.041
15		150			153.213
16		455			459.381
17		1324			1363.9
18		4298			4406.84
19		13709			14386.2
20		45927			49677
21		152937			154671
22		517780			511397
23		1.75337e+06			1.85817e+06
24		5.95434e+06			5.92488e+06
25		2.02851e+07			2.11653e+07
26		6.89772e+07			6.82932e+07

p13.pddl
bound		ida*-bfs (exp)		ss-bfs (exp)
8		2			2
9		8			8
10		31			31
11		90			90.024
12		309			310.659
13		931			940.468
14		3292			3375.9
15		10936			10926.4
16		39918			40171.1
17		141437			143169
18		520240			522780
19		1.88877e+06			1.89279e+06
20		6.91198e+06			6.8155e+06
21		2.51879e+07			2.5944e+07
22		9.14574e+07			9.14664e+07

p07.pddl
bound		ida*-bfs (exp)		ss-bfs (exp)
7		5			5
8		27			27
9		95			95
10		317			316.452
11		1084			1083.57
12		3543			3558.69
13		12073			12103.6
14		40910			41122.3
15		145044			142866
16		502302			523025
17		1.88258e+06			1.93311e+06

p05.pddl
bound		ida*-bfs (exp)		ss-bfs (exp)
9		2			2
10		8			8
11		23			23
12		62			62.15
13		180			180.071
14		473			475.988
15		1342			1344.68
16		3512			3519.2
17		9749			9773.57
18		25482			25745.5
19		70239			69462.8
20		184550			188650
21		513033			514313
22		1.36898e+06			1.42082e+06
23		3.89587e+06			3.83312e+06
24		1.06921e+07			1.19212e+07
25		3.15501e+07			3.22016e+07
26		9.009e+07			1.00633e+08
27		2.77555e+08			2.82138e+08

p01.pddl
bound		ida*-bfs (exp)		ss-bfs (exp)
4		65			65

p10.pddl
bound		ida*-bfs (exp)		ss-bfs (exp)
10		1			1
11		3			3
12		9			9
13		21			21
14		59			58.951
15		150			151.208
16		455			462.802
17		1324			1382.85
18		4298			4404.34
19		13709			14515.6
20		45927			47802.2
21		152937			159558
22		517760			542441
23		1.75322e+06			1.8768e+06
24		5.95296e+06			5.98021e+06
25		2.0276e+07			2.15383e+07
26		6.89242e+07			7.38235e+07

p04.pddl
bound		ida*-bfs (exp)		ss-bfs (exp)
8		2			2
9		8			8
10		23			23
11		62			61.81
12		180			180.289
13		473			472.555
14		1342			1352.14
15		3512			3541.53
16		9720			9664.9
17		25324			25547.1
18		68967			70319.4
19		178873			181903
20		482443			480937
21		1.24626e+06			1.22949e+06
22		3.34087e+06			3.56902e+06
23		8.6012e+06			8.60059e+06
24		2.29597e+07			2.38849e+07
25		5.89488e+07			5.91358e+07
26		1.56844e+08			1.62669e+08
27		4.01839e+08			4.26118e+08

p06.pddl
bound		ida*-bfs (exp)		ss-bfs (exp)
10		1			1
11		3			3
12		7			7
13		15			15
14		36			36.169
15		79			79.762
16		193			193.557
17		440			444.427
18		1087			1119.22
19		2548			2586.57
20		6388			6504.2
21		15348			15333
22		39376			40970.8
23		97397			104063
24		258462			262642
25		664160			682947
26		1.84196e+06			1.84668e+06
27		4.9634e+06			4.89348e+06
28		1.44657e+07			1.5905e+07
29		4.10545e+07			4.02676e+07
30		1.2542e+08			1.3534e+08

p17.pddl
bound		ida*-bfs (exp)		ss-bfs (exp)
6		2			2
7		8			8
8		31			31
9		90			90.038
10		298			298.961
11		835			841.543
12		2680			2707.16
13		7871			7905.44
14		25802			26200.7
15		81845			80215.4
16		279751			282219
17		957468			990552
18		3.40655e+06			3.4267e+06
19		1.23286e+07			1.25682e+07
20		4.50548e+07			4.46714e+07

p20.pddl
bound		ida*-bfs (exp)		ss-bfs (exp)
8		1			1
9		3			3
10		7			7
11		15			15
12		36			36.071
13		79			79.191
14		193			194.488
15		440			451.44
16		1087			1101.85
17		2548			2567.38
18		6388			6578.42
19		15342			15544.3
20		39365			39059.4
21		97264			102556
22		258410			259019
23		663522			718175
24		1.8495e+06			1.96266e+06
25		4.99917e+06			5.16373e+06
26		1.47692e+07			1.68206e+07
27		4.24246e+07			3.8184e+07

p03.pddl
bound		ida*-bfs (exp)		ss-bfs (exp)
7		5			5
8		27			27
9		95			95
10		317			316.514
11		1084			1088.86
12		3543			3502.36
13		12173			12140.4
14		42555			42143.6
15		154176			160282
16		591627			579489

p09.pddl
bound		ida*-bfs (exp)		ss-bfs (exp)
8		5			5
9		27			27
10		95			95
11		317			315.005
12		1084			1079.69
13		3337			3318.2
14		10753			10869
15		31782			32800.4
16		97691			98526.6
17		282017			287325
18		848508			869566
19		2.44027e+06			2.46627e+06
20		7.39381e+06			7.55806e+06
21		2.18199e+07			2.15264e+07
22		6.8771e+07			7.04098e+07

p08.pddl
bound		ida*-bfs (exp)		ss-bfs (exp)
9		2			2
10		8			8
11		23			23
12		62			61.85
13		180			180.329
14		473			474.609
15		1342			1355.98
16		3512			3491.34
17		9749			9718.42
18		25482			26266
19		70239			69901.2
20		184550			199467
21		513033			558013
22		1.36898e+06			1.39627e+06
23		3.89587e+06			4.14113e+06
24		1.06921e+07			1.14082e+07
25		3.15501e+07			3.09378e+07
26		9.009e+07			1.04232e+08
27		2.77555e+08			3.64451e+08

p16.pddl
bound		ida*-bfs (exp)		ss-bfs (exp)
6		1			1
7		3			3
8		9			9
9		21			21
10		59			59.027
11		148			150.049
12		442			445.525
13		1229			1262.37
14		3846			3980.23
15		11447			11592.1
16		36657			38592.8
17		113008			116884
18		366810			369713
19		1.15143e+06			1.13324e+06
20		3.78373e+06			3.78579e+06
21		1.20098e+07			1.32194e+07
22		4.00018e+07			4.18409e+07

p11.pddl
bound		ida*-bfs (exp)		ss-bfs (exp)
8		2			2
9		8			8
10		31			31
11		90			89.898
12		309			309.376
13		877			882.355
14		2976			3004.35
15		8595			8604.04
16		29160			29700.3
17		86162			86020.6
18		292293			293741
19		884067			929866
20		3.00258e+06			3.00339e+06
21		9.30537e+06			9.23527e+06
22		3.17225e+07			3.34948e+07
23		1.00886e+08			1.05079e+08

p02.pddl
bound		ida*-bfs (exp)		ss-bfs (exp)
9		2			2
10		8			8
11		23			23
12		62			62.03
13		180			180.769
14		473			476.275
15		1342			1336.64
16		3512			3543.16
17		9720			9684.82
18		25324			25451.1
19		68967			69240.6
20		178873			175278
21		482443			473079
22		1.24626e+06			1.29013e+06
23		3.34087e+06			3.45123e+06
24		8.60125e+06			8.47623e+06
25		2.29599e+07			2.44242e+07
26		5.89515e+07			6.07156e+07
27		1.56851e+08			1.72461e+08
28		4.01916e+08			4.0277e+08
