	Report:		ida*-bfs-vs-ss-bfs - using ipdb heuristic - 1000 probes.

transport-opt08-strips

p14.pddl
bound		ida*-bfs (exp)		ss-bfs (exp)
10		1			1
23		2			2
33		3			3
36		4			4.006
45		5			5.101
46		7			7.102
48		9			9.055
49		11			10.96
50		12			12.232
56		13			13.09
58		15			14.908
59		20			20.098
61		22			21.682
62		28			27.028
63		31			30.52
67		32			32.608
69		36			35.128
71		42			40.21
72		46			44.02
74		51			52.126
75		62			60.952
76		69			63.37
79		71			69.952
80		76			77.29
82		91			97.75
83		93			97.456
84		103			105.31
85		118			113.368
86		122			128.572
87		132			125.608
88		159			160.972
89		173			168.796
90		174			170.2
91		176			184.624
92		184			189.394
93		197			209.482
94		207			198.1
95		227			234.874
96		229			229.846
97		265			246.442
98		294			293.398
99		310			301.012
100		334			329.848
101		385			356.182
102		419			447.478
103		426			420.538
104		434			481.81
105		472			465.34
106		498			495.25
107		511			504.976
108		572			568.93
109		595			602.92
110		643			598.264
111		721			680.236
112		738			650.062
113		774			835.162
114		903			990.478
115		956			933.532
116		1000			967.36
117		1029			944.872
118		1104			1354.18
119		1167			994.042
120		1244			1352.22
121		1352			1093.85
122		1414			1343.72
123		1574			1943.4
124		1727			2306.6
125		1827			1682.66
126		1945			1836.23
127		2186			2222.15
128		2364			2456.34
129		2448			2582.03
130		2515			2943.96
131		2735			2686.83
132		2865			3686.57
133		3036			3332.34
134		3360			3576.34
135		3557			5250.17
136		3819			3375.98
137		4270			4155.27
138		4434			4203.15
139		4704			4018.58
140		5338			8186.72
141		5610			5607.09
142		5898			7744.26
143		6195			5835.32
144		6617			6667.19
145		6986			7589.01
146		7383			6980.43
147		7988			8107.09
148		8449			8394.04
149		9199			9144.32
150		10086			8979.3
151		10654			9414.62
152		11401			9582.62
153		12571			12761.3
154		13631			21056.5
155		14230			19565.5
156		14826			20403.3
157		15972			16859
158		16786			17406.3
159		17845			17247.1
160		19676			13360.6
161		20871			37557
162		22417			19837.7
163		24718			21661.8
164		25914			22555
165		27658			24542.2
166		30775			33045.2
167		32545			24128
168		34274			25824.4
169		36266			24325.1
170		38635			34276.5
171		41109			35715
172		43533			35048.7
173		47194			47790.3
174		50099			40829.1
175		54158			192723
176		59228			46440.6
177		63123			86366.4
178		67495			62597.8
179		73587			67833
180		78899			56274.9
181		82996			63224.4
182		87129			80057.3
183		94049			81840.4
184		99135			83055
185		105077			69251.4
186		115161			95858.4
187		121776			88679.6
188		131796			118895
189		144300			106916
190		152174			137090
191		161798			116002
192		177059			140907
193		187971			186404
194		199596			156139
195		211778			190148
196		226020			258371
197		240075			211128
198		255257			265277
199		277101			360164
200		296708			230089
201		320279			296004
202		350407			271160
203		373477			325858
204		410523			322411
205		445204			306156
206		527983			448586
207		554754			530435
208		789519			979860
209		829494			1.08196e+06
210		1.69824e+06			959705
211		1.74342e+06			628187
212		5.14673e+06			1.7561e+06
213		5.21374e+06			5.27323e+06
214		1.86413e+07			1.43284e+07
215		1.88237e+07			1.33081e+07
216		7.23566e+07			4.87639e+07
217		7.29036e+07			6.71649e+07
218		2.86917e+08			2.66095e+08
219		2.8903e+08			2.89164e+08
220		1.14484e+09			1.98971e+08
221		1.15352e+09			1.25308e+09
222		4.57663e+09			3.8019e+09
223		4.61281e+09			1.06476e+09

p19.pddl
bound		ida*-bfs (exp)		ss-bfs (exp)
20		1			1
32		2			2
34		3			3
36		5			5
37		6			6
38		7			7
39		9			9
40		10			10
43		11			11
44		12			12.04
46		14			13.72
47		16			16.096
48		23			22.42
49		32			33.186
50		37			37.86
51		45			44.94
52		54			55.06
53		63			62.78
54		72			75.82
55		81			82.38
56		92			85.98
57		95			93.54
58		102			101.94
59		107			109.74
60		119			117.38
61		138			135.42
62		158			179.18
63		209			201.26
64		248			251.92
65		315			318.7
66		384			376.66
67		463			487.78
68		559			545.44
69		622			631.34
70		707			701.14
71		771			826.48
72		864			841.7
73		931			865.9
74		1000			1022.6
75		1137			1150.52
76		1295			1359.86
77		1573			1581
78		1834			2043.06
79		2160			2618.14
80		2607			2666.22
81		3107			2996.22
82		3783			3570.92
83		4461			4571.26
84		5212			5002.94
85		5968			5983.76
86		6669			6976.72
87		7512			7352.92
88		8324			8283.5
89		9321			10057.6
90		10458			12056
91		11914			10239.9
92		13855			12339.5
93		16049			19527.2
94		18893			19315.6
95		22142			19677
96		26046			25991.2
97		30859			26988.6
98		35783			35706.4
99		42226			45968.9
100		48829			49033.9
101		56349			67767.2
102		63746			66744.8
103		71549			66685.2
104		81513			83042.2
105		92696			98879.3
106		106282			94284.4
107		122030			117349
108		140513			135600
109		163593			149522
110		188846			165866
111		220649			250985
112		256464			278332
113		298948			314804
114		347327			343918
115		399387			420951
116		463090			500457
117		530140			556364
118		606293			587583
119		694384			517494
120		794846			706134
121		917746			890744
122		1.04874e+06			1.13162e+06
123		1.2115e+06			914735
124		1.40007e+06			1.17118e+06
125		1.62135e+06			1.6279e+06
126		1.87158e+06			1.65025e+06
127		2.15276e+06			1.58831e+06
128		2.50076e+06			2.70366e+06
129		2.89454e+06			2.48311e+06
130		3.33813e+06			2.91121e+06
131		3.8487e+06			3.93352e+06
132		4.41815e+06			4.94972e+06
133		5.09968e+06			4.55315e+06
134		5.83848e+06			4.50775e+06
135		6.72162e+06			5.8615e+06
136		7.7374e+06			6.60977e+06
137		8.91522e+06			7.6351e+06
138		1.02793e+07			1.07925e+07
139		1.18452e+07			1.03706e+07
140		1.36936e+07			1.22319e+07
141		1.58137e+07			1.59175e+07
142		1.82168e+07			1.63904e+07
143		2.10458e+07			1.66366e+07
144		2.42645e+07			2.22158e+07
145		2.80335e+07			2.98888e+07
146		3.22096e+07			3.59934e+07
147		3.70779e+07			3.44557e+07
148		4.27767e+07			4.57753e+07
149		4.92467e+07			4.82961e+07
150		5.6668e+07			3.82237e+07
151		6.51463e+07			4.817e+07
152		7.51718e+07			5.84959e+07
153		8.68192e+07			1.30672e+08
154		9.99427e+07			2.07138e+08
155		1.15307e+08			6.88059e+07
156		1.3288e+08			1.24152e+08
157		1.53517e+08			1.24511e+08
158		1.76859e+08			1.30174e+08
159		2.0377e+08			1.86844e+08
160		2.35103e+08			2.11735e+08
161		2.7088e+08			4.58687e+08
162		3.121e+08			1.95591e+08
163		3.59523e+08			2.30892e+08
164		4.14166e+08			3.57807e+08
165		4.77656e+08			5.63656e+08
166		5.49744e+08			4.84218e+08
167		6.34275e+08			3.75238e+08
168		7.30786e+08			5.02772e+08
169		8.43052e+08			7.78524e+08
170		9.7124e+08			6.50591e+08

p29.pddl
bound		ida*-bfs (exp)		ss-bfs (exp)
20		1			1
22		7			7
24		31			31
26		127			127
28		511			511
30		2047			2047
32		8192			8192
34		32776			32776
36		131128			131127
38		524588			524584
40		2.09862e+06			2.09859e+06
41		2.09863e+06			2.09862e+06
42		8.39556e+06			8.39544e+06
43		8.39557e+06			8.39543e+06
44		3.35864e+07			3.36521e+07
45		3.35865e+07			3.40198e+07
46		1.34362e+08			1.38036e+08
47		1.34363e+08			1.30489e+08
48		5.37517e+08			5.5794e+08
49		5.3752e+08			5.34231e+08
50		2.15034e+09			2.11761e+09

p18.pddl
bound		ida*-bfs (exp)		ss-bfs (exp)
18		1			1
33		2			2
34		3			3
36		4			4
41		5			5
42		7			7
43		9			9
46		10			10
47		11			11.044
48		15			14.512
49		17			16.78
50		19			18.602
51		22			21.839
52		26			26.998
54		28			26.746
55		30			29.266
57		37			37.526
58		44			42.132
59		50			49.776
60		55			55.236
61		59			60.248
62		66			68.172
63		77			77.972
64		91			85.714
65		104			109.262
66		127			128.498
67		146			149.134
68		161			173.83
69		171			159.102
70		195			186.444
71		213			208.438
72		241			242.64
73		282			271.9
74		310			319.598
75		351			390.9
76		391			365.406
77		433			453.438
78		499			531.432
79		561			560.454
80		657			643.04
81		767			765.134
82		891			866.774
83		991			952.174
84		1120			1105.32
85		1247			1269.33
86		1401			1532.96
87		1596			1716.67
88		1806			2185.24
89		2009			2043.61
90		2224			2232.39
91		2530			2617.81
92		2844			2849.8
93		3226			3388.38
94		3681			3977.78
95		4165			4374.38
96		4824			5885.8
97		5534			5619.51
98		6381			5497.2
99		7333			7400.73
100		8344			8173.5
101		9330			10891.7
102		10690			11044.9
103		12130			12478
104		13659			12757.7
105		15516			13814.6
106		17399			17687.5
107		19612			18835.4
108		22080			22181.5
109		25120			26504.6
110		28607			24780.5
111		32538			32034.6
112		37143			29819.3
113		42089			43625.5
114		48266			44515.6
115		55330			61875.3
116		63480			61653.7
117		72542			95542.6
118		82652			98478
119		93531			96621.2
120		106386			125746
121		121039			125411
122		137254			121898
123		156170			146627
124		177350			127421
125		201270			198554
126		228918			211948
127		259927			259270
128		295632			297633
129		336579			293271
130		385544			348004
131		441299			404815
132		505527			509310
133		576562			659138
134		656300			646187
135		747127			720573
136		852853			935217
137		974499			1.32859e+06
138		1.11099e+06			916358
139		1.26758e+06			1.28971e+06
140		1.44099e+06			1.67034e+06
141		1.6403e+06			1.81101e+06
142		1.86763e+06			2.54482e+06
143		2.12765e+06			1.76852e+06
144		2.43172e+06			3.24054e+06
145		2.7752e+06			3.0085e+06
146		3.16948e+06			2.73463e+06
147		3.62018e+06			3.7254e+06
148		4.13546e+06			4.08441e+06
149		4.71671e+06			4.86165e+06
150		5.38836e+06			7.16313e+06
151		6.15893e+06			5.5681e+06
152		7.03912e+06			6.94191e+06
153		8.0421e+06			8.60723e+06
154		9.18597e+06			9.54849e+06
155		1.04875e+07			8.81986e+06
156		1.19628e+07			1.32698e+07
157		1.36459e+07			1.6612e+07
158		1.55891e+07			1.46298e+07
159		1.78147e+07			1.57134e+07
160		2.037e+07			2.85996e+07
161		2.3265e+07			3.17603e+07
162		2.65859e+07			2.1023e+07
163		3.03577e+07			2.79873e+07
164		3.4692e+07			2.86652e+07
165		3.9674e+07			2.72823e+07
166		4.53981e+07			4.44573e+07
167		5.19282e+07			7.47227e+07
168		5.93762e+07			6.65849e+07
169		6.79052e+07			5.12944e+07
170		7.75757e+07			7.03417e+07
171		8.86846e+07			6.19679e+07
172		1.01408e+08			1.01239e+08
173		1.16037e+08			8.16757e+07
174		1.32758e+08			1.40079e+08
175		1.51876e+08			1.53968e+08
176		1.7373e+08			1.96553e+08
177		1.98586e+08			1.56614e+08
178		2.2713e+08			2.62518e+08
179		2.59858e+08			2.04733e+08
180		2.97521e+08			2.39131e+08
181		3.40602e+08			3.2831e+08
182		3.89918e+08			3.76007e+08
183		4.46213e+08			4.1077e+08
184		5.10576e+08			4.1314e+08
185		5.84153e+08			6.24737e+08
186		6.68719e+08			1.04355e+09
187		7.65802e+08			1.79934e+09
188		8.77124e+08			7.36056e+08
189		1.00434e+09			1.70906e+09

p15.pddl
bound		ida*-bfs (exp)		ss-bfs (exp)
12		1			1
36		2			2
37		4			4
57		5			5.008
60		6			5.968
61		10			9.622
62		14			14.098
65		15			14.803
71		16			15.688
73		17			16.762
75		18			17.614
78		19			18.97
79		20			18.97
81		21			19.906
82		25			24.832
84		27			26.356
85		37			36.256
86		51			49.414
87		59			57.46
90		64			63.862
92		66			64.39
93		68			69.4
94		70			72.274
95		71			69.286
96		77			72.448
97		78			76.234
98		82			77.482
99		86			84.406
100		93			90.28
101		94			91.414
102		99			102.436
103		111			104.872
104		117			116.17
105		120			118.342
106		138			114.136
107		157			147.658
108		163			179.194
109		190			192.616
110		230			237.562
111		273			256.84
112		291			282.568
113		299			275.11
114		315			283.984
115		341			306.028
116		344			324.61
117		360			357.052
118		380			387.724
119		394			405.34
120		422			439.33
121		459			457.216
122		486			498.67
123		508			477.928
124		556			545.896
125		591			578.536
126		609			547.684
127		682			674.26
128		775			733.048
129		813			823.54
130		882			842.092
131		959			929.338
132		1050			971.92
133		1151			1251.77
134		1324			1405.46
135		1552			1586.15
136		1705			1778.19
137		1781			1555.79
138		1870			1719.81
139		1980			1831.29
140		2100			1984.1
141		2246			2254.16
142		2403			2127.37
143		2619			2515.77
144		2768			2266.38
145		2979			2825.12
146		3214			3012.23
147		3380			3374.7
148		3686			3648.7
149		4066			3816.36
150		4310			4545.68
151		4695			4171.53
152		5219			4857.24
153		5710			5737.8
154		6144			5620.16
155		6692			5705.43
156		7474			6254.16
157		8251			8035.82
158		9048			9507.07
159		10054			12284
160		11037			10147.8
161		11796			12858.1
162		12743			11009.3
163		13823			10794.4
164		14942			14287.3
165		15921			14252.4
166		17035			13995.4
167		18406			20982
168		19732			23346.4
169		21419			22586.2
170		23615			18032.7
171		25479			21265.5
172		27837			23429
173		30418			24336.2
174		32729			32407.3
175		35347			36424.9
176		38949			38427.5
177		43511			36641
178		47865			34495
179		51745			43982.2
180		56350			50551.3
181		61706			72767.6
182		67089			54607.9
183		74178			67142.6
184		81870			87585.4
185		90304			99159.2
186		97718			96890.3
187		105568			116039
188		113696			142778
189		121737			107763
190		132405			113688
191		148026			125142
192		161480			131057
193		176119			228441
194		191297			215689
195		207105			177892
196		224688			214673
197		246328			216845
198		270583			259673
199		297958			183155
200		327370			292827
201		360220			369273
202		392558			385614
203		423481			434587
204		463297			474518
205		514616			439282
206		571850			355007
207		627029			557873
208		684181			596141
209		747976			656079
210		812327			545487
211		885425			931247
212		975581			1.11257e+06
213		1.07062e+06			775218
214		1.17322e+06			986225
215		1.28798e+06			1.12836e+06
216		1.39622e+06			812132
217		1.51415e+06			2.11049e+06
218		1.65862e+06			1.56666e+06
219		1.8437e+06			1.96641e+06
220		2.03604e+06			1.82327e+06
221		2.2376e+06			2.3587e+06
222		2.44328e+06			2.54658e+06
223		2.68445e+06			1.70603e+06
224		2.93103e+06			3.82512e+06
225		3.22763e+06			2.95982e+06
226		3.5483e+06			3.72031e+06
227		3.93116e+06			2.37009e+06
228		4.33374e+06			2.63055e+06
229		4.77796e+06			4.53356e+06
230		5.21666e+06			3.67163e+06
231		5.67751e+06			3.18582e+06
232		6.19258e+06			4.21985e+06
233		6.88868e+06			5.57598e+06
234		7.63313e+06			5.55663e+06
235		8.39344e+06			9.40284e+06
236		9.19566e+06			1.97536e+07
237		1.00466e+07			5.66556e+06
238		1.09866e+07			7.02377e+06
239		1.20603e+07			7.61109e+06
240		1.3386e+07			2.07136e+07
241		1.48598e+07			1.28814e+07
242		1.6753e+07			2.15627e+07
243		1.8564e+07			9.63831e+06
244		2.14735e+07			9.86193e+06
245		2.38235e+07			2.14478e+07
246		3.07309e+07			2.98319e+07
247		3.5701e+07			4.03233e+07
248		5.78554e+07			3.13134e+07
249		7.04828e+07			2.42268e+07
250		1.50687e+08			2.67514e+08
251		1.92598e+08			4.07297e+08
252		5.04547e+08			1.09491e+09
253		6.62211e+08			1.41999e+09
254		1.90007e+09			3.92068e+07
255		2.51987e+09			8.97712e+07
256		7.45905e+09			3.90469e+10

p25.pddl
bound		ida*-bfs (exp)		ss-bfs (exp)
422		26			25.948
424		330			330.386
425		346			339.469
426		3575			3583.32
427		3866			3823.84
428		36477			36265.3
429		40111			41789.5
430		365761			370392
431		405618			403533
432		3.65268e+06			3.59357e+06
433		4.06804e+06			4.14583e+06
434		3.63893e+07			3.49584e+07
435		4.06226e+07			4.19084e+07
436		3.61145e+08			3.61623e+08
437		4.03782e+08			3.89843e+08
438		3.56588e+09			3.44117e+09
439		3.99168e+09			3.79913e+09

p12.pddl
bound		ida*-bfs (exp)		ss-bfs (exp)
6		1			1
45		3			3
53		5			5
68		7			7.052
70		9			9
76		11			11.06
80		13			13
84		17			16.928
85		19			18.896
87		21			21.088
91		23			22.76
92		27			26.976
97		29			29.324
99		31			31.496
100		35			35.46
102		37			37.34
104		39			38.46
105		41			41.2
107		47			47.52
109		53			53.78
110		55			54.06
111		57			55.68
114		61			62.34
115		79			78.98
116		81			79.6
117		87			84.36
119		95			92.94
120		99			99.42
121		101			101.66
122		103			101.92
123		117			118.8
124		125			126.08
125		127			127.78
126		137			138.5
127		143			139.06
128		147			141.6
130		163			153
131		175			177.04
132		195			185.9
133		199			190.42
134		215			220.94
136		225			222.38
137		227			218.38
138		259			251.64
139		269			279.18
140		283			284.58
141		293			291.4
142		305			299.18
143		321			322.22
144		355			352.02
145		363			367.7
146		395			385.36
147		423			413.62
148		443			445.48
149		509			517
150		535			529.08
151		571			595.62
152		579			597
153		621			645.24
154		675			682.26
155		733			717.7
156		737			737.02
157		771			736.18
158		805			804.96
159		871			875.58
160		893			916.48
161		1011			982.86
162		1079			1080.72
163		1131			1142.56
164		1209			1191.12
165		1267			1185.76
166		1387			1301.94
167		1475			1471.92
168		1541			1474.02
169		1627			1575.98
170		1723			1707.3
171		1747			1711.78
172		1895			1837.7
173		1959			2001
174		2045			1933.62
175		2147			2099.68
176		2311			2302.86
177		2447			2557.56
178		2721			2694.56
179		2853			2891.24
180		3021			3176.64
181		3189			3216.96
182		3365			3413.18
183		3671			3638.06
184		4009			4384.2
185		4321			4378.02
186		4461			4896.64
187		4657			4918.91
188		4849			4908.43
189		5221			5277.69
190		5623			5703.57
191		5813			5440.7
192		6133			6004.91
193		6709			6960.7
194		7049			6928.48
195		7845			7874.25
196		8263			8518.1
197		8609			7889.46
198		9165			8128.64
199		9673			10029.2
200		10489			11538
201		11343			13648.9
202		11857			11742.9
203		12329			10827.3
204		12903			11208.4
205		13585			13202.8
206		14453			14913.6
207		15545			16610.8
208		16403			13301.5
209		17405			16910.3
210		18675			19514.5
211		19589			18492.3
212		21291			22001.1
213		22743			22171.5
214		24009			23459.1
215		25303			24825.6
216		26793			26261.4
217		28391			32191.7
218		30743			31458.8
219		33005			31773.2
220		34191			30200.9
221		35831			38160.3
222		37869			36200.4
223		40329			39743.4
224		44735			44988.4
225		46953			44479.1
226		49437			50342.7
227		52751			49890.6
228		55723			58747.1
229		61413			66668.5
230		65501			66016.2
231		68693			74203.9
232		72419			61597.2
233		76391			70312.1
234		81683			68376.5
235		87319			84759.3
236		93445			103898
237		97705			95399.9
238		102385			95401.3
239		109931			129793
240		116323			97566.9
241		126799			142574
242		134085			123733
243		141525			129801
244		150951			141423
245		159331			166014
246		170679			151921
247		183889			183656
248		193805			173707
249		203409			195499
250		214129			185806
251		227199			207951
252		243475			197309
253		264475			286668
254		277185			292043
255		292721			301972
256		311201			278578
257		329269			292897
258		362145			324888
259		385175			301169
260		409069			413320
261		431587			464564
262		457441			411890
263		493945			454863
264		530977			722846
265		562809			565280
266		590755			605470
267		621295			553043
268		668797			812879
269		710811			594481
270		777413			592702
271		818081			865914
272		862963			872312
273		924025			827045
274		981777			1.20954e+06
275		1.0713e+06			1.15944e+06
276		1.15353e+06			1.23597e+06
277		1.22087e+06			1.26765e+06
278		1.35686e+06			1.18771e+06
279		1.43614e+06			1.16509e+06
280		2.01952e+06			1.61675e+06
281		2.13329e+06			1.80606e+06
282		6.39508e+06			2.22221e+06
283		6.4986e+06			5.61421e+06
284		4.26716e+07			3.7695e+07
285		4.28189e+07			2.81959e+06
286		3.59229e+08			4.62578e+06
287		3.59441e+08			8.69093e+07
288		3.15149e+09			1.21166e+09
289		3.15167e+09			4.04288e+08
290		2.79128e+10			1.0887e+10

p13.pddl
bound		ida*-bfs (exp)		ss-bfs (exp)
8		1			1
32		3			3
38		4			4
49		6			6
50		9			9.064
55		10			9.952
56		15			14.92
62		17			16.976
64		19			19.752
67		20			20.816
68		22			22.048
73		28			27.024
74		38			37.544
79		44			44.632
80		60			61.288
81		62			63.112
82		63			61.368
85		64			64.68
86		69			69.296
87		70			68.144
88		79			74.864
90		83			81.68
91		95			93.152
92		114			116.488
93		115			110.8
94		118			108.472
96		122			122.344
97		149			150.96
98		181			177.48
100		183			187.032
102		184			176.448
103		201			194.192
104		242			223.656
105		257			265.776
106		275			263.448
108		278			270.016
109		306			283.648
110		338			351.24
111		349			342.56
112		389			391.128
113		390			329.432
114		410			392.64
115		461			460.544
116		530			495.072
117		536			508.44
118		542			512.912
119		543			544.584
120		576			536.632
121		673			716.568
122		794			784.792
123		819			826.44
124		865			835.16
125		866			884.2
126		883			866.536
127		992			905.56
128		1138			1026.85
129		1209			1239.08
130		1293			1325.62
131		1303			1217.23
132		1341			1357.08
133		1478			1457.48
134		1629			1595.63
135		1681			1810.4
136		1814			1766.36
137		1844			1761.43
138		1966			1950.36
139		2211			2278.32
140		2514			2464.14
141		2577			2647.18
142		2688			2929.59
143		2714			2735.7
144		2880			2613.75
145		3330			3305.26
146		3732			3273.85
147		3871			4271.76
148		4119			4095.72
149		4146			4042.18
150		4266			4385.43
151		4732			5432.48
152		5344			4926.46
153		5677			5225.3
154		6039			6783
155		6136			5570.34
156		6426			5650.82
157		7104			6517.02
158		7810			7243.11
159		8137			7620.32
160		8804			8065.36
161		9029			7951.98
162		9622			10103.7
163		10837			10748.8
164		11936			12912.3
165		12444			12946.9
166		13043			13707.9
167		13248			10979.3
168		14068			13292.6
169		15934			15595.8
170		17759			17121.2
171		18578			17340.8
172		19771			20817
173		20253			18475.3
174		21139			23407.7
175		23545			21291.8
176		26118			26121.5
177		28676			28987.3
178		30599			32183.3
179		34416			32712.9
180		36071			34564.9
181		52179			54066.9
182		55181			36949.8
183		106337			158662
184		109129			61270.2
185		307428			260822
186		310265			362813
187		1.10254e+06			84545.4
188		1.10766e+06			60252.7
189		4.25675e+06			59156.6
190		4.26001e+06			6.34264e+06
191		1.68456e+07			6.39721e+06
192		1.68497e+07			5.69312e+07
193		6.71909e+07			6.3511e+07
194		6.71988e+07			2.87661e+07
195		2.68532e+08			1.0159e+08
196		2.68538e+08			2.03519e+08
197		1.07385e+09			5.04818e+09
198		1.07386e+09			98747.5
199		4.2951e+09			1.62361e+09
200		4.29511e+09			3.24713e+09

p30.pddl
bound		ida*-bfs (exp)		ss-bfs (exp)
22		1			1
39		2			2
40		3			3
41		6			5.98
42		7			7.048
43		9			9.416
45		11			11.624
47		13			12.456
49		15			14.12
50		16			15.2
51		18			17.04
52		24			25.95
53		26			28.24
54		53			48.663
55		57			58.323
56		157			163.312
57		162			161.016
58		553			565.777
59		562			640.738
60		2110			2513.79
61		2131			2143.76
62		8291			7767.72
63		8319			7464.86
64		32914			35497
65		32966			37238.7
66		131292			151870
67		131424			117941
68		524671			511579
69		525132			532349
70		2.09806e+06			1.80026e+06
71		2.09999e+06			2.18377e+06
72		8.39168e+06			7.41904e+06
73		8.40099e+06			8.95517e+06
74		3.35679e+07			3.18586e+07
75		3.36199e+07			3.40949e+07
76		1.34288e+08			1.414e+08
77		1.34629e+08			1.45223e+08
78		5.37305e+08			5.30871e+08
79		5.39853e+08			5.75052e+08
80		2.15057e+09			2.60053e+09

p07.pddl
bound		ida*-bfs (exp)		ss-bfs (exp)
16		1			1
18		3			3
20		5			5
22		7			7
24		9			9
26		11			11
28		13			13
30		15			15
31		16			16
32		19			19
33		25			25.037
34		33			32.953
35		53			53.271
36		71			71.653
37		143			133.734
38		195			192.803
39		469			510.731
40		644			675.805
41		1697			1685.59
42		2324			2124.03
43		6463			5232.22
44		8843			6901.24
45		25285			24781.6
46		34606			28566.6
47		100219			86450.6
48		137227			128264
49		399495			425369
50		547180			444119
51		1.59606e+06			1.59939e+06
52		2.18641e+06			2.12433e+06
53		6.38196e+06			9.13476e+06
54		8.743e+06			1.09257e+07
55		2.55269e+07			2.51714e+07
56		3.49713e+07			3.40973e+07
57		1.02121e+08			9.67544e+07
58		1.39901e+08			1.41606e+08
59		4.08605e+08			3.6496e+08
60		5.59741e+08			4.4385e+08

p05.pddl
bound		ida*-bfs (exp)		ss-bfs (exp)
28		4			4
30		10			10
32		18			18
34		28			28
36		40			40
38		54			54
40		70			70
42		118			117.705
43		129			129.125
44		358			353.344
45		397			394.144
46		1573			1559.42
47		1675			1671.03
48		7492			7207.32
49		7727			7208.66
50		35495			34364.1
51		36004			34179.1
52		165259			168059
53		166322			153278
54		756569			698801
55		758747			662698
56		3.41378e+06			3.36688e+06
57		3.41821e+06			3.56126e+06
58		1.52167e+07			1.41338e+07
59		1.52259e+07			1.52446e+07
60		6.71376e+07			6.68405e+07
61		6.71573e+07			6.0359e+07
62		2.93684e+08			3.12638e+08
63		2.93731e+08			3.14123e+08
64		1.27538e+09			1.18409e+09
65		1.27551e+09			1.20173e+09
66		5.50431e+09			4.85642e+09
67		5.50478e+09			5.13839e+09

p22.pddl
bound		ida*-bfs (exp)		ss-bfs (exp)
300		14			13.926
302		100			99.75
304		582			578.403
306		3080			3065.1
308		15370			15369.2
310		73740			73342.2
312		344078			343484
314		1.57288e+06			1.55982e+06
316		7.07791e+06			7.05827e+06
318		3.14573e+07			3.14873e+07
320		1.38412e+08			1.38165e+08
322		6.0398e+08			6.02958e+08
324		2.61725e+09			2.613e+09
326		1.12743e+10			1.13075e+10

p01.pddl
bound		ida*-bfs (exp)		ss-bfs (exp)
54		15			15

p10.pddl
bound		ida*-bfs (exp)		ss-bfs (exp)
22		1			1
24		3			3
26		5			5
28		7			7
30		9			9
32		11			11
33		12			12
34		14			14
35		24			23.872
36		26			25.917
37		70			69.232
38		72			71.041
39		243			240.23
40		245			261.49
41		912			920.034
42		914			995.907
43		3556			3714.26
44		3560			3625.65
45		14081			12902.7
46		14102			14032.6
47		56074			60274.1
48		56218			52264.4
49		223945			269752
50		225005			431907
51		895845			902052
52		903665			944074
53		3.58807e+06			3.79929e+06
54		3.64726e+06			3.38898e+06
55		1.43954e+07			1.36098e+07
56		1.4864e+07			1.52515e+07
57		5.79481e+07			6.22189e+07
58		6.18213e+07			5.83311e+07

p04.pddl
bound		ida*-bfs (exp)		ss-bfs (exp)
118		10			10
120		43			43
122		173			173
124		688			688
126		2740			2740
128		10937			10937
130		43711			43711
132		174790			174790
134		699086			699086
136		2.79625e+06			2.79625e+06
137		2.79631e+06			2.79631e+06
138		1.1185e+07			1.11849e+07
139		1.11853e+07			1.11853e+07
140		4.47398e+07			4.47398e+07
141		4.47414e+07			4.47414e+07
142		1.7896e+08			1.7896e+08
143		1.78967e+08			1.78967e+08
144		7.1584e+08			7.1584e+08
145		7.15873e+08			7.15873e+08
146		2.86337e+09			2.86337e+09
147		2.86352e+09			2.86352e+09
148		1.14535e+10			1.14535e+10

p26.pddl
bound		ida*-bfs (exp)		ss-bfs (exp)
14		1			1
16		3			3
18		5			5
20		7			7
22		9			9
24		11			11
26		14			14
28		22			21.976
30		44			44.304
32		116			118.627
34		382			361.481
36		1418			1367.14
38		5531			5292.48
40		21955			22672.5
42		87610			74625.4
44		350181			383182
46		1.40047e+06			1.47408e+06
48		5.602e+06			5.86285e+06
50		2.24099e+07			2.6791e+07
52		8.96496e+07			1.12295e+08
53		8.96496e+07			9.51777e+07
54		3.58641e+08			4.01401e+08
55		3.58641e+08			4.61667e+08
56		1.43474e+09			1.41024e+09
57		1.43474e+09			2.34289e+09

p06.pddl
bound		ida*-bfs (exp)		ss-bfs (exp)
14		1			1
16		3			3
18		5			5
20		7			7
22		9			9
24		11			11
26		14			14
28		21			21
29		22			22.016
30		33			32.92
31		36			36
32		52			51.882
33		58			57.304
34		82			80.94
35		96			97.088
36		129			127.394
37		172			174.228
38		219			222.069
39		373			378.904
40		451			463.413
41		1049			1021.35
42		1204			1167.37
43		3558			3646.3
44		3946			3845.52
45		13261			14495.3
46		14470			14137.4
47		51534			47707.6
48		55882			50393.2
49		203821			164256
50		220568			198021
51		811946			820340
52		878144			729733
53		3.24377e+06			2.97481e+06
54		3.50772e+06			2.84471e+06
55		1.29734e+07			1.55811e+07
56		1.40287e+07			1.32768e+07
57		5.1908e+07			8.3185e+07
58		5.61314e+07			8.45424e+07
59		2.07721e+08			1.87193e+08
60		2.24628e+08			2.38203e+08
61		8.31283e+08			5.42988e+08
62		8.9898e+08			8.25579e+08
63		3.32681e+09			2.73879e+09

p17.pddl
bound		ida*-bfs (exp)		ss-bfs (exp)
16		1			1
29		2			2
32		3			3
34		4			4
35		5			5
36		7			7
37		8			8
39		9			9
40		11			11
42		12			11.84
44		14			14.116
45		17			17.081
48		22			22.944
49		25			26.051
50		29			30.276
51		32			31.436
52		41			41.665
53		51			51.896
54		55			59.544
55		61			63.672
56		73			74.648
57		83			81.288
58		94			90.024
59		100			94.36
60		112			118.008
61		129			128.216
62		145			151.448
63		157			164.408
64		184			178.728
65		206			216.808
66		230			237.768
67		250			257.016
68		288			276.952
69		335			337.224
70		360			376.904
71		421			417.704
72		498			543.336
73		564			583.432
74		643			652.28
75		707			685.656
76		837			870.808
77		964			965.512
78		1085			1072.81
79		1173			1194.58
80		1347			1358.94
81		1521			1523.77
82		1699			1731.13
83		1877			1908.58
84		2148			2298.04
85		2500			2872.09
86		2763			3018.33
87		3059			3255.88
88		3552			3718.28
89		4063			4249.37
90		4713			5150.36
91		5178			4924.34
92		5897			6266.09
93		6665			6062.68
94		7574			7233.4
95		8476			8655.59
96		9604			10117
97		10992			10870.1
98		12416			11396.8
99		13740			15148.2
100		15595			17748.2
101		17831			17040.6
102		20324			21532.8
103		22769			24978.6
104		25975			29977.2
105		29108			30908
106		33074			34459.6
107		36899			33038
108		42164			41393.4
109		48067			46327
110		54409			53538.8
111		61018			59596.8
112		68906			78280.8
113		78381			78945.1
114		89274			97141.3
115		99909			99003.4
116		113961			150442
117		128920			140187
118		145799			141897
119		162446			121926
120		184798			183613
121		209747			192863
122		237804			261682
123		266804			288062
124		302380			319079
125		342747			294758
126		388168			503754
127		436553			366890
128		495934			466307
129		562908			596470
130		639585			644766
131		714035			578089
132		810683			1.00843e+06
133		918405			949456
134		1.04476e+06			982402
135		1.17203e+06			1.34363e+06
136		1.32599e+06			1.17651e+06
137		1.50346e+06			1.73938e+06
138		1.70335e+06			1.50422e+06
139		1.91514e+06			1.82812e+06
140		2.16827e+06			2.08227e+06
141		2.45651e+06			2.60297e+06
142		2.79459e+06			3.09707e+06
143		3.13784e+06			3.18877e+06
144		3.54298e+06			3.97503e+06
145		3.9997e+06			3.70125e+06
146		4.55419e+06			5.32701e+06
147		5.12991e+06			4.23375e+06
148		5.8083e+06			6.12046e+06
149		6.56224e+06			1.08308e+07
150		7.4531e+06			6.73193e+06
151		8.39393e+06			8.32558e+06
152		9.48621e+06			8.1571e+06
153		1.07209e+07			9.23622e+06
154		1.21748e+07			1.52783e+07
155		1.37407e+07			1.58992e+07
156		1.55578e+07			1.68645e+07
157		1.75237e+07			1.4761e+07
158		1.98829e+07			1.37164e+07
159		2.24142e+07			2.0272e+07
160		2.54296e+07			2.22431e+07
161		2.87045e+07			3.27857e+07
162		3.25369e+07			2.54629e+07
163		3.66949e+07			3.08777e+07
164		4.15264e+07			3.46951e+07
165		4.68954e+07			4.31958e+07
166		5.3163e+07			5.45729e+07
167		5.997e+07			4.90857e+07
168		6.79831e+07			6.99844e+07
169		7.67614e+07			7.40337e+07
170		8.69075e+07			1.36424e+08
171		9.79507e+07			8.6886e+07
172		1.11001e+08			1.17358e+08
173		1.25479e+08			1.23986e+08
174		1.42321e+08			1.72342e+08
175		1.60441e+08			1.28645e+08
176		1.81608e+08			2.4196e+08
177		2.05124e+08			1.54663e+08
178		2.32336e+08			2.14752e+08
179		2.62153e+08			1.02191e+09
180		2.9681e+08			2.39721e+08
181		3.35552e+08			3.23195e+08
182		3.80351e+08			1.08423e+09
183		4.2862e+08			3.40087e+08
184		4.85075e+08			5.36179e+08
185		5.47871e+08			5.13729e+08
186		6.21732e+08			7.23373e+08
187		7.01696e+08			4.19591e+08
188		7.94202e+08			6.54839e+08
189		8.96934e+08			4.98193e+08
190		1.01623e+09			9.92292e+08
191		1.14668e+09			9.33833e+08
192		1.29773e+09			7.9255e+08

p20.pddl
bound		ida*-bfs (exp)		ss-bfs (exp)
22		1			1
35		2			2
36		3			3
40		4			4
41		5			5
45		6			6
46		7			7
47		8			8
48		10			10.04
49		14			14.18
50		18			17.718
53		20			19.746
54		22			21.306
55		28			26.688
56		29			28.378
57		31			30.913
58		34			35.125
59		40			41.092
60		46			47.514
61		52			53.013
62		57			54.924
63		68			66.195
64		77			75.256
65		85			81.054
66		93			91.831
67		106			106.079
68		122			113.164
69		142			133.912
70		157			150.188
71		171			169.48
72		194			202.058
73		234			226.771
74		274			287.078
75		320			336.894
76		355			346.293
77		390			358.721
78		442			452.594
79		498			504.178
80		540			566.071
81		628			610.31
82		690			695.291
83		818			790.763
84		910			918.02
85		1014			938.014
86		1134			1097.97
87		1306			1199.74
88		1558			1402.71
89		1781			1650.66
90		1930			2167.92
91		2161			2011.72
92		2426			2733.56
93		2780			2726.61
94		3153			2904.86
95		3559			3632.64
96		4023			3555.17
97		4595			4711.97
98		5174			5016.67
99		5895			5519.77
100		6593			5944.52
101		7640			7846.4
102		8792			8367.36
103		10084			11600.4
104		11098			11072
105		12412			12393.5
106		13909			14825.3
107		16085			17185.1
108		18179			15685.5
109		21012			23728.1
110		23488			21258.5
111		26632			24396
112		29938			35981.5
113		33983			39191.6
114		38704			40366.8
115		43864			41693.1
116		50016			50380.6
117		56649			55441
118		63134			46459.5
119		71127			76117.2
120		80366			78922.6
121		92423			89685.8
122		105537			97582.3
123		119905			111645
124		134978			115099
125		152571			143606
126		172647			184079
127		197575			171713
128		223286			204457
129		255519			265422
130		286793			243521
131		325561			276775
132		364229			336184
133		414630			385613
134		469824			492630
135		538999			522061
136		610372			662634
137		691591			716492
138		776993			704070
139		881838			931012
140		1.00248e+06			978514
141		1.1407e+06			984057
142		1.29665e+06			1.30001e+06
143		1.46538e+06			1.21647e+06
144		1.65098e+06			1.59632e+06
145		1.86481e+06			1.84572e+06
146		2.11384e+06			2.1541e+06
147		2.40876e+06			2.04706e+06
148		2.73499e+06			2.26872e+06
149		3.11545e+06			2.49141e+06
150		3.52257e+06			2.95374e+06
151		3.98752e+06			3.39069e+06
152		4.49895e+06			4.28189e+06
153		5.11928e+06			5.18615e+06
154		5.80703e+06			5.49857e+06
155		6.62908e+06			6.39203e+06
156		7.47185e+06			6.90612e+06
157		8.47251e+06			8.84172e+06
158		9.52047e+06			7.60786e+06
159		1.08433e+07			1.02606e+07
160		1.22972e+07			1.1064e+07
161		1.40226e+07			1.688e+07
162		1.58761e+07			1.27101e+07
163		1.79998e+07			1.50913e+07
164		2.03453e+07			3.05378e+07
165		2.30529e+07			1.73821e+07
166		2.61504e+07			2.46048e+07
167		2.97102e+07			2.82904e+07
168		3.37533e+07			2.77918e+07
169		3.82734e+07			3.83388e+07
170		4.32722e+07			8.21747e+07
171		4.8893e+07			7.35823e+07
172		5.53949e+07			4.49171e+07
173		6.30091e+07			1.06446e+08
174		7.15471e+07			1.1582e+08
175		8.12647e+07			8.3768e+07
176		9.18867e+07			8.79216e+07
177		1.04151e+08			8.05546e+07
178		1.17779e+08			9.66035e+07
179		1.33909e+08			2.05296e+08
180		1.51796e+08			1.79311e+08
181		1.72747e+08			2.00542e+08
182		1.95404e+08			1.95483e+08
183		2.21687e+08			2.62028e+08
184		2.50208e+08			2.70881e+08
185		2.84157e+08			4.06438e+08
186		3.22121e+08			2.57963e+08
187		3.66563e+08			2.91554e+08
188		4.15209e+08			3.64282e+08
189		4.70798e+08			4.15619e+08
190		5.32692e+08			3.96423e+08
191		6.03764e+08			6.05038e+08
192		6.84903e+08			5.81635e+08
193		7.77612e+08			5.71792e+08
194		8.82784e+08			7.07552e+08
195		1.00097e+09			8.18725e+08
196		1.13339e+09			7.99256e+08

p28.pddl
bound		ida*-bfs (exp)		ss-bfs (exp)
18		1			1
30		2			2
31		4			4
33		6			5.974
35		8			8.104
37		10			10.156
39		12			11.416
40		13			12.52
41		15			14.44
42		16			15.424
43		23			22.476
44		27			26.908
45		39			38.712
46		49			46.492
47		68			63.265
48		84			82.93
49		108			110.71
50		130			124.595
51		160			155.16
52		191			181.97
53		229			210.555
54		266			269.155
55		321			376.606
56		380			397.284
57		475			400.791
58		586			289.155
59		765			517.523
60		965			1123.49
61		1263			1208.58
62		1584			1296.89
63		2034			1457.23
64		2515			1565.22
65		3167			1926.25
66		3848			2815.62
67		4756			2045.8
68		5719			3974.74
69		7050			2538.41
70		8532			44265.9
71		10666			6459.1
72		13121			9935.93
73		16659			6895.44
74		20746			25871.5
75		26624			94999.6
76		33207			11533.6
77		43072			27628.5
78		53282			21161.9
79		70995			24171.2
80		86288			41194.4
81		124133			43042.2
82		147018			129251
83		250061			112241
84		285360			184095
85		626233			273678
86		682610			523500
87		1.93783e+06			1.40272e+06
88		2.03099e+06			1.80802e+06
89		6.88364e+06			3.92535e+06
90		7.0458e+06			3.74282e+06
91		2.61973e+07			1.4792e+07
92		2.65126e+07			1.61122e+07
93		1.02743e+08			7.38778e+07
94		1.03493e+08			6.49122e+07
95		4.07971e+08			4.78415e+08
96		4.10232e+08			4.59163e+08
97		1.62802e+09			3.05641e+09
98		1.63613e+09			2.77465e+09

p23.pddl
bound		ida*-bfs (exp)		ss-bfs (exp)
322		17			17
324		150			150.072
326		1045			1052.52
328		6422			6443.68
330		36337			36192.8
332		194182			191815
334		995925			993814
336		4.95369e+06			4.98228e+06
338		2.40631e+07			2.39663e+07
340		1.14711e+08			1.13312e+08
342		5.38518e+08			5.36581e+08
344		2.49611e+09			2.39334e+09
346		1.14459e+10			1.11082e+10

p21.pddl
bound		ida*-bfs (exp)		ss-bfs (exp)
4		1			1
162		13			13.128
164		49			48.736
166		193			199.392
168		769			755.248
170		3073			2950.28
172		12289			12608.4
174		49153			48268.3
176		196609			195036
178		786433			813172
180		3.14573e+06			3.2401e+06
182		1.25829e+07			1.25829e+07
184		5.03316e+07			5.20429e+07
186		2.01327e+08			2.07769e+08
188		8.05306e+08			8.06917e+08
190		3.22123e+09			3.02795e+09
192		1.28849e+10			1.24984e+10

p03.pddl
bound		ida*-bfs (exp)		ss-bfs (exp)
88		30			31.042
90		375			371.845
92		3593			3596.69
94		30396			29960.2
96		239978			240583
98		1.81668e+06			1.8329e+06
100		1.33886e+07			1.30417e+07
102		9.69557e+07			9.52242e+07
104		6.94018e+08			6.86739e+08
106		4.92978e+09			4.83107e+09

p24.pddl
bound		ida*-bfs (exp)		ss-bfs (exp)
188		25			24.86
190		295			297.918
192		2877			2957.43
194		26515			26654.3
196		239929			233769
198		2.15954e+06			2.22503e+06
200		1.94162e+07			1.93619e+07
202		1.74585e+08			1.77737e+08
204		1.5703e+09			1.63578e+09
206		1.41275e+10			1.42758e+10

p09.pddl
bound		ida*-bfs (exp)		ss-bfs (exp)
20		1			1
22		3			3
24		5			5
26		7			7
28		9			9
30		11			11
32		13			13
33		15			15
34		17			17
35		28			27.98
36		30			29.98
37		61			60.16
38		64			64.124
39		136			133.021
40		146			147.981
41		341			358.376
42		385			394.678
43		1030			996.863
44		1205			1183.7
45		3596			3565.56
46		4268			3899.16
47		13589			13345.2
48		16227			15553.8
49		53216			43881.8
50		63670			50278
51		211286			231997
52		252936			238881
53		843036			817510
54		1.00946e+06			902480
55		3.36955e+06			3.72899e+06
56		4.03598e+06			4.15853e+06
57		1.34765e+07			1.59236e+07
58		1.61486e+07			1.28364e+07
59		5.3914e+07			6.74019e+07
60		6.46332e+07			6.11223e+07
61		2.15721e+08			2.04998e+08
62		2.58732e+08			3.18755e+08

p08.pddl
bound		ida*-bfs (exp)		ss-bfs (exp)
18		1			1
32		3			3
33		4			4
34		7			6.848
36		9			8.696
38		12			12.3
40		15			15.688
42		18			17.94
43		19			18.76
44		22			20.152
45		25			24.96
46		36			35.44
47		43			42.82
48		64			65.14
49		71			71.95
50		103			103.44
51		109			105.47
52		152			142.73
53		159			156.47
54		219			217.71
55		228			244.58
56		308			323.22
57		329			315.4
58		439			458.09
59		489			531.62
60		682			793.49
61		829			821.73
62		1218			995.29
63		1691			1611.75
64		2580			2128.86
65		4236			4417.87
66		6833			7236.43
67		13040			15953.3
68		22004			19917.8
69		46218			36737.7
70		80080			58471.6
71		176006			137558
72		308709			205051
73		691149			502051
74		1.21837e+06			861309
75		2.74692e+06			2.57286e+06
76		4.85144e+06			4.52152e+06
77		1.09661e+07			8.76154e+06
78		1.93817e+07			2.57312e+07
79		4.38513e+07			3.38569e+07
80		7.75376e+07			7.63706e+07
81		1.75482e+08			1.64243e+08
82		3.10475e+08			2.41367e+08
83		7.02607e+08			9.09359e+08
84		1.24471e+09			7.45938e+08

p16.pddl
bound		ida*-bfs (exp)		ss-bfs (exp)
14		1			1
29		2			2
30		3			3
35		4			4
37		5			5
38		7			7
39		8			8
42		9			9
43		11			10.936
44		15			15.208
45		17			17.164
46		19			19.148
47		20			20.669
48		22			22.896
49		23			23.75
50		26			25.836
51		30			29.56
53		40			38.53
54		47			49.33
55		49			46.828
56		51			51.4
57		53			49.672
58		62			61.318
59		75			72.136
60		86			86.788
61		95			93.592
62		108			97.984
63		123			126.316
64		140			137.026
65		156			159.832
66		180			166.096
67		203			188.344
68		235			259.03
69		276			243.262
70		304			275.104
71		334			351.19
72		374			370.774
73		413			401.878
74		482			499.816
75		532			519.868
76		599			600.4
77		690			715.51
78		783			822.538
79		890			812.116
80		1015			1043.09
81		1141			1137.12
82		1288			1137.21
83		1502			1282.82
84		1660			1558.81
85		1872			1646.34
86		2101			2305.41
87		2429			2406.27
88		2746			2802.34
89		3060			2848.29
90		3406			3262.01
91		3789			3464.9
92		4326			5129.11
93		5001			5192.78
94		5701			6093.55
95		6565			6068.24
96		7387			6448.33
97		8346			7311.14
98		9532			8822.28
99		10789			10652.4
100		12148			11408.7
101		13992			13298.4
102		15931			15377
103		18134			16500.2
104		20485			20049.8
105		22838			20747.3
106		25586			25151.5
107		28820			24845.8
108		32894			27166.8
109		37700			33636.1
110		42994			44393.3
111		49046			51894.8
112		55439			48761
113		62575			57742.6
114		70840			75412.1
115		81057			89074.1
116		93216			93198.8
117		106466			65393.3
118		120703			118339
119		136722			124475
120		154461			127889
121		173587			171761
122		197385			155686
123		223848			218176
124		254646			264496
125		290586			238526
126		330908			389567
127		375847			343354
128		424983			389620
129		482988			376148
130		551397			456319
131		630865			913904
132		720862			609651
133		822011			862018
134		928583			853099
135		1.0506e+06			696905
136		1.19148e+06			1.52743e+06
137		1.36014e+06			1.01597e+06
138		1.54832e+06			1.24026e+06
139		1.76137e+06			1.16732e+06
140		1.99702e+06			1.83968e+06
141		2.26539e+06			1.60887e+06
142		2.56961e+06			2.56751e+06
143		2.93865e+06			2.65258e+06
144		3.35464e+06			2.90776e+06
145		3.82288e+06			2.46526e+06
146		4.35415e+06			2.61255e+06
147		4.95691e+06			2.51146e+06
148		5.64213e+06			5.23773e+06
149		6.41864e+06			5.30652e+06
150		7.3073e+06			6.84165e+06
151		8.3121e+06			1.02141e+07
152		9.47132e+06			8.00476e+06
153		1.07815e+07			8.68433e+06
154		1.2286e+07			9.23511e+06
155		1.39474e+07			2.96547e+07
156		1.58372e+07			1.89244e+07
157		1.79915e+07			9.4423e+06
158		2.05241e+07			2.23245e+07
159		2.34282e+07			1.76123e+07
160		2.67589e+07			1.59112e+07
161		3.05191e+07			2.70906e+07
162		3.4726e+07			1.76318e+07
163		3.94019e+07			3.6687e+07
164		4.48255e+07			2.64966e+07
165		5.11897e+07			4.34286e+07
166		5.84618e+07			4.76379e+07
167		6.67604e+07			5.76571e+07
168		7.59981e+07			6.56336e+07
169		8.63805e+07			6.22601e+07
170		9.80397e+07			6.7633e+07
171		1.11714e+08			8.15832e+07
172		1.27385e+08			1.5118e+08
173		1.45442e+08			1.13519e+08
174		1.6572e+08			1.04744e+08
175		1.89061e+08			9.59041e+07
176		2.15231e+08			1.52351e+08
177		2.45121e+08			1.22791e+08
178		2.79125e+08			1.31225e+08
179		3.18353e+08			1.8155e+08
180		3.63118e+08			3.87343e+08
181		4.14453e+08			3.11359e+08
182		4.72994e+08			2.31404e+08
183		5.39015e+08			4.03207e+08
184		6.13657e+08			5.44059e+08
185		6.98433e+08			5.02853e+08
186		7.96135e+08			9.94709e+08
187		9.07392e+08			3.88312e+08
188		1.03628e+09			7.84759e+08
189		1.18253e+09			1.21755e+09

p11.pddl
bound		ida*-bfs (exp)		ss-bfs (exp)
4		1			1
34		3			3
64		7			7
94		15			15
124		31			31
154		63			63
170		65			63.2
184		129			128.752
200		133			130.264
214		261			263.128
215		271			262.892
217		307			297.732
219		451			456.068
221		1027			998.668
223		3331			3107.62
225		12547			12549.7
227		49411			47853.7
229		196867			199231
230		196875			218863
231		786699			802429
233		3.146e+06			3.39765e+06
235		1.25832e+07			1.26335e+07
237		5.03319e+07			5.03319e+07
239		2.01327e+08			1.93274e+08
241		8.05307e+08			8.34298e+08
243		3.22123e+09			2.97641e+09
244		3.22123e+09			3.47892e+09
245		1.28849e+10			1.21118e+10

p27.pddl
bound		ida*-bfs (exp)		ss-bfs (exp)
16		1			1
28		2			2
30		4			4
32		6			6
34		8			8
36		10			10
38		12			12
40		16			15.714
42		22			21.928
44		29			27.937
46		38			37.828
47		39			37.976
48		51			55.015
50		70			70.15
52		112			112.21
54		238			226.44
56		665			722.905
57		668			630.951
58		2262			2669.9
60		8483			9150.97
61		8484			8142.2
62		33184			32418.5
63		33186			30704.2
64		131910			125979
65		131915			138869
66		528115			603880
67		528122			589109
68		2.12707e+06			1.89629e+06
69		2.12709e+06			2.02688e+06
70		8.65352e+06			9.43284e+06
71		8.65355e+06			7.72325e+06
72		3.59394e+07			3.64254e+07
73		3.59395e+07			3.9524e+07
74		1.55711e+08			1.21902e+08
75		1.55711e+08			1.50146e+08
76		7.30454e+08			8.20319e+08
77		7.30454e+08			5.68504e+08

p02.pddl
bound		ida*-bfs (exp)		ss-bfs (exp)
107		26			25.87
109		309			304.606
111		2779			2780.82
113		22218			21942.5
115		168706			160235
117		1.25812e+06			1.22829e+06
119		9.3846e+06			9.51927e+06
121		7.06659e+07			6.70852e+07
123		5.38955e+08			5.37474e+08
125		4.1624e+09			4.22911e+09
126		4.1624e+09			4.05085e+09
