	Report:		ida*-bfs-vs-ss-bfs - using lmcut heuristic - 1000 probes.

blocks

probBLOCKS-5-2.pddl
bound		ida*-bfs (exp)		ss-bfs (exp)
9		1			1
10		2			2
11		4			4
12		7			6.978
13		15			14.982
14		28			28.564
15		77			81.478
16		204			198.024

probBLOCKS-9-2.pddl
bound		ida*-bfs (exp)		ss-bfs (exp)
17		1			1
18		3			3
19		8			7.938
20		22			21.91
21		54			54.254
22		184			186.464
23		469			466.39
24		1946			2132.94
25		5217			5322.47
26		26768			28047.7

probBLOCKS-8-2.pddl
bound		ida*-bfs (exp)		ss-bfs (exp)
14		10			10.54
15		39			35.568
16		421			422.829

probBLOCKS-6-0.pddl
bound		ida*-bfs (exp)		ss-bfs (exp)
11		2			2
12		19			19.624

probBLOCKS-4-2.pddl
bound		ida*-bfs (exp)		ss-bfs (exp)
6		8			7.988

probBLOCKS-8-0.pddl
bound		ida*-bfs (exp)		ss-bfs (exp)
13		2			2
14		5			5
15		29			28.664
16		109			106.144
17		466			462.006
18		2521			2930.73

probBLOCKS-4-1.pddl
bound		ida*-bfs (exp)		ss-bfs (exp)
6		1			1
7		3			3
8		5			5
9		10			10
10		26			26.79

probBLOCKS-12-0.pddl
bound		ida*-bfs (exp)		ss-bfs (exp)
22		1			1
23		4			4
24		18			17.815
25		53			53.062
26		251			254.863
27		758			789.133
28		3775			3896.31
29		14411			13986.6
30		68728			61890.8
31		383532			414150
32		1.64984e+06			1.87629e+06
33		1.26149e+07			9.27606e+06
34		5.0582e+07			2.77894e+07

probBLOCKS-5-0.pddl
bound		ida*-bfs (exp)		ss-bfs (exp)
8		2			2
9		7			6.992
10		15			14.98
11		47			47.194
12		113			110.261

probBLOCKS-7-2.pddl
bound		ida*-bfs (exp)		ss-bfs (exp)
12		1			1
13		3			3
14		12			12.042
15		27			27.072
16		94			92.496
17		223			223.554
18		805			867.15
19		2102			2180.62
20		8768			8602.61

probBLOCKS-5-1.pddl
bound		ida*-bfs (exp)		ss-bfs (exp)
7		2			2
8		4			4
9		14			14
10		55			57.825

probBLOCKS-12-1.pddl
bound		ida*-bfs (exp)		ss-bfs (exp)
22		1			1
23		3			3
24		9			9
25		21			21.03
26		66			65.196
27		160			159.066
28		569			589.26
29		1470			1437.84
30		6079			6275.88
31		16976			15912.2
32		82805			96315.4
33		255693			246422
34		1.49834e+06			1.36147e+06

probBLOCKS-7-1.pddl
bound		ida*-bfs (exp)		ss-bfs (exp)
12		1			1
13		3			3
14		8			8.18
15		21			21.032
16		60			60.864
17		157			154.416
18		564			578.68
19		1511			1598.11
20		7540			7784.91
21		21140			22038.2
22		131794			120613

probBLOCKS-8-1.pddl
bound		ida*-bfs (exp)		ss-bfs (exp)
13		2			2
14		9			8.838
15		42			42.362
16		182			172.449
17		815			764.431
18		3440			3174.71
19		17354			21075.7
20		71950			61581.9

probBLOCKS-6-2.pddl
bound		ida*-bfs (exp)		ss-bfs (exp)
11		1			1
12		2			2
13		4			4
14		9			9.05
15		17			16.97
16		52			52.182
17		106			114.264
18		415			404.174
19		987			994.114
20		4387			4340.4

probBLOCKS-4-0.pddl
bound		ida*-bfs (exp)		ss-bfs (exp)
6		10			10.435

probBLOCKS-7-0.pddl
bound		ida*-bfs (exp)		ss-bfs (exp)
13		1			1
14		3			3
15		5			5
16		12			12
17		21			20.995
18		58			57.19
19		124			125.404
20		448			475.158

probBLOCKS-10-2.pddl
bound		ida*-bfs (exp)		ss-bfs (exp)
19		1			1
20		3			3
21		8			7.982
22		18			17.628
23		48			49.7
24		113			117.84
25		358			353.19
26		925			972.082
27		3526			3655.44
28		10408			9352.07
29		46288			47505.1
30		164148			151525
31		816718			847691
32		3.54162e+06			2.93932e+06
33		1.87863e+07			2.36621e+07
34		9.56621e+07			6.07541e+07

probBLOCKS-6-1.pddl
bound		ida*-bfs (exp)		ss-bfs (exp)
10		19			19.99

probBLOCKS-11-1.pddl
bound		ida*-bfs (exp)		ss-bfs (exp)
20		4			4
21		9			9
22		55			54.779
23		186			186.467
24		1022			1004.51
25		4085			4059.03
26		22066			22216.2
27		102342			100517
28		564763			591231
29		2.9654e+06			3.12255e+06
30		1.72183e+07			1.50206e+07

probBLOCKS-10-1.pddl
bound		ida*-bfs (exp)		ss-bfs (exp)
19		1			1
20		3			3
21		11			10.866
22		25			24.732
23		92			93.588
24		226			233.22
25		900			899.106
26		2500			2588.23
27		10761			10558.6
28		33774			31671.4
29		155907			148608
30		550969			520349
31		2.71071e+06			2.68735e+06
32		1.09385e+07			1.01771e+07

probBLOCKS-9-0.pddl
bound		ida*-bfs (exp)		ss-bfs (exp)
16		1			1
17		3			3
18		8			7.942
19		18			17.758
20		49			48.26
21		114			118.116
22		366			357.672
23		908			942.146
24		3334			3715.55
25		8822			9237.37
26		34813			35241.9
27		99120			88158.2
28		401347			358859
29		1.24814e+06			1.05919e+06
30		5.07967e+06			5.41471e+06

probBLOCKS-9-1.pddl
bound		ida*-bfs (exp)		ss-bfs (exp)
16		1			1
17		2			2
18		3			3
19		6			6
20		9			9
21		20			19.955
22		33			32.83
23		88			90.823
24		167			165.244
25		536			540.109
26		1222			1246.06
27		4562			4642.68
28		14228			11990.3
