Experiment 2: barman-opt11-strips using gapdb_deep heuristic with 100 probes



instance_name: pfile01-002_F_76.csv

A*:	{
		(0_ipdb,1.87585e+07)
		(1_lmcut,7.80714e+06)
		(2_gapdb,9.12683e+06)
		(3_gapdb,5.05894e+06)
		(4_gapdb,2.0193e+07)
		(5_gapdb,5.97877e+06)
		(6_gapdb,5.88796e+06)
		(7_gapdb,4.7914e+06)
		(8_gapdb,1.96735e+06)
		(9_mands,2.66771e+07)
		(10_gapdb,2.38517e+07)
		(11_gapdb,1.15494e+07)
		(12_gapdb,7.93581e+06)
	}
ss:	{
		(0_ipdb,5.61706e+36)
		(1_gapdb,6.58148e+38)
		(2_lmcut,4.93854e+32)
		(3_gapdb,5.00927e+39)
		(4_gapdb,1.90251e+39)
		(5_gapdb,9.91342e+40)
		(6_gapdb,2.50134e+38)
		(7_gapdb,1.57431e+40)
		(8_gapdb,3.63231e+41)
		(9_gapdb,1.67379e+38)
		(10_gapdb,7.9181e+39)
		(11_mands,3.40989e+38)
		(12_gapdb,1.31365e+40)
	}

Measure_1:

-A* h1/h2
	1	2.40274	2.05531	3.70799	0.928961	3.13752	3.18591	3.91504	9.53491	0.703169	0.786464	1.6242	2.36378
	0.416192	1	0.855405	1.54324	0.386626	1.30581	1.32595	1.62941	3.96835	0.292653	0.32732	0.675978	0.983786
	0.486544	1.16904	1	1.8041	0.45198	1.52654	1.55008	1.90484	4.63915	0.342122	0.382649	0.790243	1.15008
	0.269688	0.647989	0.554293	1	0.250529	0.846151	0.859201	1.05584	2.57145	0.189636	0.2121	0.438026	0.637483
	1.07647	2.58648	2.21249	3.99155	1	3.37745	3.42954	4.21443	10.2641	0.756941	0.846606	1.7484	2.54454
	0.318723	0.765808	0.655076	1.18182	0.296081	1	1.01542	1.24781	3.039	0.224116	0.250664	0.517669	0.753391
	0.313882	0.754176	0.645127	1.16387	0.291584	0.984811	1	1.22886	2.99284	0.220712	0.246857	0.509807	0.741948
	0.255426	0.61372	0.52498	0.947115	0.23728	0.801402	0.813762	1	2.43546	0.179607	0.200883	0.414861	0.603769
	0.104878	0.251994	0.215557	0.388886	0.0974273	0.329056	0.334131	0.4106	1	0.0737468	0.0824826	0.170342	0.247908
	1.42213	3.41701	2.92293	5.27326	1.32111	4.46197	4.53079	5.5677	13.5599	1	1.11846	2.30983	3.36161
	1.27151	3.05511	2.61336	4.71476	1.18119	3.9894	4.05093	4.97802	12.1238	0.894089	1	2.06519	3.00558
	0.615689	1.47934	1.26543	2.28297	0.571951	1.93174	1.96153	2.41044	5.87054	0.432933	0.484217	1	1.45535
	0.423051	1.01648	0.869503	1.56867	0.392998	1.32733	1.3478	1.65626	4.03376	0.297476	0.332715	0.687119	1

-ss h1/h2
	1	0.00853465	11373.9	0.00112133	0.00295245	5.66612e-05	0.0224562	0.000356794	1.54642e-05	0.033559	0.000709395	0.0164728	0.000427592
	117.169	1	1.33268e+06	0.131386	0.345937	0.00663896	2.63118	0.0418054	0.00181193	3.93209	0.0831194	1.93011	0.0501007
	8.79203e-05	7.50368e-07	1	9.85879e-08	2.5958e-07	4.98167e-09	1.97435e-06	3.13694e-08	1.35961e-09	2.95052e-06	6.23702e-08	1.4483e-06	3.7594e-08
	891.796	7.61116	1.01432e+07	1	2.63298	0.0505302	20.0263	0.318188	0.0137909	29.9278	0.632635	14.6904	0.381325
	338.702	2.8907	3.85237e+06	0.379797	1	0.0191912	7.60595	0.120847	0.00523774	11.3665	0.240273	5.57938	0.144826
	17648.8	150.626	2.00736e+08	19.7901	52.1071	1	396.324	6.29698	0.272923	592.275	12.5199	290.725	7.54647
	44.5311	0.380058	506495	0.0499342	0.131476	0.00252319	1	0.0158885	0.000688637	1.49442	0.0315902	0.733555	0.0190412
	2802.74	23.9204	3.18782e+07	3.1428	8.27494	0.158806	62.9388	1	0.043342	94.057	1.98825	46.169	1.19843
	64665.6	551.898	7.35503e+08	72.5117	190.922	3.66403	1452.14	23.0723	1	2170.11	45.8735	1065.23	27.6505
	29.7983	0.254318	338924	0.0334138	0.0879779	0.00168841	0.669156	0.0106319	0.000460805	1	0.0211387	0.490862	0.0127415
	1409.65	12.0309	1.60333e+07	1.58069	4.16193	0.0798726	31.6554	0.502956	0.0217991	47.3065	1	23.221	0.602756
	60.706	0.518104	690466	0.0680716	0.179231	0.00343967	1.36322	0.0216595	0.000938767	2.03723	0.0430645	1	0.0259574
	2338.68	19.9598	2.66e+07	2.62244	6.90483	0.132512	52.5178	0.834427	0.0361657	78.4837	1.65905	38.5247	1

Measure_2:
- The heuristics that have the similar ratio are: (diff = 0.5)
	(hss1    ,hss2    )	(ha1     ,ha2     )	(vss1    ,vss2    )	(va1     ,va2     ):	fracss	-	fracastar	=	diff
	(2_lmcut, 0_ipdb)	(2_gapdb, 0_ipdb)	(4.93854e+32, 5.61706e+36)	(9.12683e+06, 1.87585e+07)	8.79203e-05	-	0.486544	=	-0.486456
	(2_lmcut, 4_gapdb)	(2_gapdb, 4_gapdb)	(4.93854e+32, 1.90251e+39)	(9.12683e+06, 2.0193e+07)	2.5958e-07	-	0.45198	=	-0.45198
	(11_mands, 10_gapdb)	(11_gapdb, 10_gapdb)	(3.40989e+38, 7.9181e+39)	(1.15494e+07, 2.38517e+07)	0.0430645	-	0.484217	=	-0.441153
	(11_mands, 4_gapdb)	(11_gapdb, 4_gapdb)	(3.40989e+38, 1.90251e+39)	(1.15494e+07, 2.0193e+07)	0.179231	-	0.571951	=	-0.392719
	(2_lmcut, 10_gapdb)	(2_gapdb, 10_gapdb)	(4.93854e+32, 7.9181e+39)	(9.12683e+06, 2.38517e+07)	6.23702e-08	-	0.382649	=	-0.382649
	(6_gapdb, 1_gapdb)	(6_gapdb, 1_lmcut)	(2.50134e+38, 6.58148e+38)	(5.88796e+06, 7.80714e+06)	0.380058	-	0.754176	=	-0.374119
	(2_lmcut, 9_gapdb)	(2_gapdb, 9_mands)	(4.93854e+32, 1.67379e+38)	(9.12683e+06, 2.66771e+07)	2.95052e-06	-	0.342122	=	-0.342119
	(3_gapdb, 12_gapdb)	(3_gapdb, 12_gapdb)	(5.00927e+39, 1.31365e+40)	(5.05894e+06, 7.93581e+06)	0.381325	-	0.637483	=	-0.256158
	(1_gapdb, 10_gapdb)	(1_lmcut, 10_gapdb)	(6.58148e+38, 7.9181e+39)	(7.80714e+06, 2.38517e+07)	0.0831194	-	0.32732	=	-0.244201
	(6_gapdb, 10_gapdb)	(6_gapdb, 10_gapdb)	(2.50134e+38, 7.9181e+39)	(5.88796e+06, 2.38517e+07)	0.0315902	-	0.246857	=	-0.215267
	(6_gapdb, 4_gapdb)	(6_gapdb, 4_gapdb)	(2.50134e+38, 1.90251e+39)	(5.88796e+06, 2.0193e+07)	0.131476	-	0.291584	=	-0.160108
	(1_gapdb, 4_gapdb)	(1_lmcut, 4_gapdb)	(6.58148e+38, 1.90251e+39)	(7.80714e+06, 2.0193e+07)	0.345937	-	0.386626	=	-0.040689
	(6_gapdb, 11_mands)	(6_gapdb, 11_gapdb)	(2.50134e+38, 3.40989e+38)	(5.88796e+06, 1.15494e+07)	0.733555	-	0.509807	=	0.223748
	(4_gapdb, 1_gapdb)	(4_gapdb, 1_lmcut)	(1.90251e+39, 6.58148e+38)	(2.0193e+07, 7.80714e+06)	2.8907	-	2.58648	=	0.304221
	(3_gapdb, 10_gapdb)	(3_gapdb, 10_gapdb)	(5.00927e+39, 7.9181e+39)	(5.05894e+06, 2.38517e+07)	0.632635	-	0.2121	=	0.420536



instance_name: pfile01-003_F_80.csv

A*:	{
		(0_ipdb,1.87585e+07)
		(1_gapdb,8.64094e+06)
		(2_gapdb,1.20464e+07)
		(3_lmcut,7.82429e+06)
		(4_gapdb,4.33899e+06)
		(5_gapdb,1.13898e+07)
		(6_gapdb,3.17376e+06)
		(7_gapdb,1.91249e+06)
		(8_gapdb,9.12805e+06)
		(9_gapdb,2.0193e+07)
		(10_gapdb,4.79651e+06)
		(11_gapdb,4.7809e+06)
		(12_mands,2.66771e+07)
	}
ss:	{
		(0_ipdb,3.61575e+39)
		(1_mands,9.93964e+41)
		(2_lmcut,5.92232e+36)
		(3_gapdb,4.44891e+45)
		(4_gapdb,2.16513e+45)
		(5_gapdb,2.18006e+45)
		(6_gapdb,7.56375e+43)
		(7_gapdb,1.03023e+45)
		(8_gapdb,1.03911e+45)
		(9_gapdb,7.34709e+44)
		(10_gapdb,3.63761e+46)
		(11_gapdb,8.22035e+45)
		(12_gapdb,3.62908e+45)
	}

Measure_1:

-A* h1/h2
	1	2.17089	1.55719	2.39747	4.32324	1.64696	5.9105	9.80842	2.05504	0.928961	3.91086	3.92363	0.703169
	0.460641	1	0.717305	1.10437	1.99146	0.758656	2.72262	4.51816	0.946636	0.427918	1.80151	1.80739	0.323909
	0.642184	1.39411	1	1.53962	2.77631	1.05765	3.79562	6.2988	1.31971	0.596563	2.51149	2.51969	0.451563
	0.417106	0.905491	0.649513	1	1.80325	0.686956	2.46531	4.09115	0.85717	0.387475	1.63125	1.63657	0.293296
	0.231308	0.502143	0.36019	0.554554	1	0.380954	1.36714	2.26876	0.475347	0.214876	0.904614	0.907568	0.162648
	0.607181	1.31812	0.945494	1.4557	2.62499	1	3.58874	5.95548	1.24778	0.564047	2.3746	2.38235	0.42695
	0.169191	0.367293	0.263461	0.405629	0.731451	0.278649	1	1.65949	0.347693	0.157171	0.661681	0.663842	0.118969
	0.101953	0.221329	0.15876	0.24443	0.440768	0.167913	0.602594	1	0.209518	0.0947105	0.398725	0.400027	0.0716903
	0.486609	1.05637	0.757741	1.16663	2.10373	0.801423	2.8761	4.77286	1	0.45204	1.90306	1.90927	0.342168
	1.07647	2.3369	1.67627	2.58081	4.65385	1.7729	6.36248	10.5585	2.21219	1	4.20994	4.22368	0.756941
	0.255698	0.555091	0.39817	0.613028	1.10544	0.421123	1.5113	2.50799	0.525469	0.237533	1	1.00327	0.179799
	0.254866	0.553285	0.396874	0.611033	1.10185	0.419753	1.50638	2.49983	0.523759	0.23676	0.996746	1	0.179214
	1.42213	3.08729	2.21453	3.40952	6.14823	2.34219	8.40552	13.9489	2.92254	1.32111	5.56177	5.57993	1

-ss h1/h2
	1	0.0036377	610.529	8.12727e-07	1.66999e-06	1.65856e-06	4.78036e-05	3.50965e-06	3.47966e-06	4.92133e-06	9.9399e-08	4.39853e-07	9.96327e-07
	274.899	1	167834	0.000223418	0.000459077	0.000455935	0.0131411	0.000964797	0.000956554	0.00135287	2.73247e-05	0.000120915	0.000273889
	0.00163792	5.95828e-06	1	1.33119e-09	2.73531e-09	2.71659e-09	7.82987e-08	5.74853e-09	5.69942e-09	8.06077e-09	1.62808e-10	7.20446e-10	1.63191e-09
	1.23043e+06	4475.92	7.5121e+08	1	2.0548	2.04073	58.8188	4.31836	4.28146	6.05533	0.122303	0.541207	1.22591
	598807	2178.28	3.65589e+08	0.486666	1	0.993156	28.6251	2.1016	2.08364	2.94693	0.0595208	0.263387	0.596607
	602934	2193.29	3.68108e+08	0.49002	1.00689	1	28.8224	2.11608	2.098	2.96724	0.059931	0.265202	0.600719
	20918.9	76.0968	1.27716e+07	0.0170014	0.0349343	0.0346952	1	0.073418	0.0727907	0.102949	0.00207932	0.00920126	0.0208421
	284929	1036.49	1.73957e+08	0.231569	0.475828	0.472571	13.6206	1	0.991456	1.40223	0.0283217	0.125327	0.283882
	287384	1045.42	1.75456e+08	0.233565	0.479928	0.476643	13.738	1.00862	1	1.41431	0.0285657	0.126407	0.286329
	203197	739.171	1.24058e+08	0.165144	0.339337	0.337014	9.71356	0.71315	0.707057	1	0.0201976	0.0893769	0.202451
	1.00605e+07	36597	6.1422e+09	8.17641	16.8008	16.6858	480.926	35.3086	35.007	49.5108	1	4.42513	10.0235
	2.27349e+06	8270.27	1.38803e+09	1.84772	3.79669	3.77071	108.681	7.97913	7.91096	11.1886	0.225982	1	2.26513
	1.00369e+06	3651.12	6.1278e+08	0.815723	1.67614	1.66467	47.9799	3.52258	3.49249	4.93947	0.0997655	0.441475	1

Measure_2:
- The heuristics that have the similar ratio are: (diff = 0.5)
	(hss1    ,hss2    )	(ha1     ,ha2     )	(vss1    ,vss2    )	(va1     ,va2     ):	fracss	-	fracastar	=	diff
	(2_lmcut, 12_gapdb)	(2_gapdb, 12_mands)	(5.92232e+36, 3.62908e+45)	(1.20464e+07, 2.66771e+07)	1.63191e-09	-	0.451563	=	-0.451563
	(1_mands, 9_gapdb)	(1_gapdb, 9_gapdb)	(9.93964e+41, 7.34709e+44)	(8.64094e+06, 2.0193e+07)	0.00135287	-	0.427918	=	-0.426565
	(6_gapdb, 3_gapdb)	(6_gapdb, 3_lmcut)	(7.56375e+43, 4.44891e+45)	(3.17376e+06, 7.82429e+06)	0.0170014	-	0.405629	=	-0.388628
	(7_gapdb, 10_gapdb)	(7_gapdb, 10_gapdb)	(1.03023e+45, 3.63761e+46)	(1.91249e+06, 4.79651e+06)	0.0283217	-	0.398725	=	-0.370404
	(8_gapdb, 5_gapdb)	(8_gapdb, 5_gapdb)	(1.03911e+45, 2.18006e+45)	(9.12805e+06, 1.13898e+07)	0.476643	-	0.801423	=	-0.32478
	(1_mands, 12_gapdb)	(1_gapdb, 12_mands)	(9.93964e+41, 3.62908e+45)	(8.64094e+06, 2.66771e+07)	0.000273889	-	0.323909	=	-0.323635
	(6_gapdb, 8_gapdb)	(6_gapdb, 8_gapdb)	(7.56375e+43, 1.03911e+45)	(3.17376e+06, 9.12805e+06)	0.0727907	-	0.347693	=	-0.274902
	(7_gapdb, 11_gapdb)	(7_gapdb, 11_gapdb)	(1.03023e+45, 8.22035e+45)	(1.91249e+06, 4.7809e+06)	0.125327	-	0.400027	=	-0.2747
	(6_gapdb, 5_gapdb)	(6_gapdb, 5_gapdb)	(7.56375e+43, 2.18006e+45)	(3.17376e+06, 1.13898e+07)	0.0346952	-	0.278649	=	-0.243954
	(4_gapdb, 7_gapdb)	(4_gapdb, 7_gapdb)	(2.16513e+45, 1.03023e+45)	(4.33899e+06, 1.91249e+06)	2.1016	-	2.26876	=	-0.167165
	(6_gapdb, 12_gapdb)	(6_gapdb, 12_mands)	(7.56375e+43, 3.62908e+45)	(3.17376e+06, 2.66771e+07)	0.0208421	-	0.118969	=	-0.0981274
	(4_gapdb, 3_gapdb)	(4_gapdb, 3_lmcut)	(2.16513e+45, 4.44891e+45)	(4.33899e+06, 7.82429e+06)	0.486666	-	0.554554	=	-0.0678873
	(8_gapdb, 12_gapdb)	(8_gapdb, 12_mands)	(1.03911e+45, 3.62908e+45)	(9.12805e+06, 2.66771e+07)	0.286329	-	0.342168	=	-0.0558392
	(6_gapdb, 9_gapdb)	(6_gapdb, 9_gapdb)	(7.56375e+43, 7.34709e+44)	(3.17376e+06, 2.0193e+07)	0.102949	-	0.157171	=	-0.0542224
	(7_gapdb, 3_gapdb)	(7_gapdb, 3_lmcut)	(1.03023e+45, 4.44891e+45)	(1.91249e+06, 7.82429e+06)	0.231569	-	0.24443	=	-0.0128604
	(7_gapdb, 4_gapdb)	(7_gapdb, 4_gapdb)	(1.03023e+45, 2.16513e+45)	(1.91249e+06, 4.33899e+06)	0.475828	-	0.440768	=	0.0350594
	(5_gapdb, 12_gapdb)	(5_gapdb, 12_mands)	(2.18006e+45, 3.62908e+45)	(1.13898e+07, 2.66771e+07)	0.600719	-	0.42695	=	0.173769
	(7_gapdb, 12_gapdb)	(7_gapdb, 12_mands)	(1.03023e+45, 3.62908e+45)	(1.91249e+06, 2.66771e+07)	0.283882	-	0.0716903	=	0.212192
	(3_gapdb, 7_gapdb)	(3_lmcut, 7_gapdb)	(4.44891e+45, 1.03023e+45)	(7.82429e+06, 1.91249e+06)	4.31836	-	4.09115	=	0.227205
	(3_gapdb, 4_gapdb)	(3_lmcut, 4_gapdb)	(4.44891e+45, 2.16513e+45)	(7.82429e+06, 4.33899e+06)	2.0548	-	1.80325	=	0.251544
	(7_gapdb, 5_gapdb)	(7_gapdb, 5_gapdb)	(1.03023e+45, 2.18006e+45)	(1.91249e+06, 1.13898e+07)	0.472571	-	0.167913	=	0.304659
	(4_gapdb, 12_gapdb)	(4_gapdb, 12_mands)	(2.16513e+45, 3.62908e+45)	(4.33899e+06, 2.66771e+07)	0.596607	-	0.162648	=	0.433959



instance_name: pfile01-004_F_76.csv

A*:	{
		(0_ipdb,1.87585e+07)
		(1_gapdb,1.20292e+07)
		(2_gapdb,1.15494e+07)
		(3_gapdb,4.76244e+06)
		(4_lmcut,7.80736e+06)
		(5_gapdb,2.0193e+07)
		(6_gapdb,9.12683e+06)
		(7_gapdb,6.24091e+06)
		(8_gapdb,4.33899e+06)
		(9_gapdb,1.96735e+06)
		(10_gapdb,5.88796e+06)
		(11_mands,2.66771e+07)
		(12_gapdb,6.25499e+06)
	}
ss:	{
		(0_ipdb,8.22611e+40)
		(1_lmcut,6.82379e+33)
		(2_gapdb,3.77968e+44)
		(3_gapdb,5.29202e+42)
		(4_gapdb,2.01465e+43)
		(5_gapdb,3.09196e+43)
		(6_gapdb,1.36703e+44)
		(7_mands,2.7551e+40)
		(8_gapdb,8.76489e+42)
		(9_gapdb,3.7265e+43)
		(10_gapdb,1.60182e+41)
		(11_gapdb,3.11591e+43)
		(12_gapdb,1.97585e+43)
	}

Measure_1:

-A* h1/h2
	1	1.55941	1.6242	3.93884	2.40267	0.928961	2.05531	3.00573	4.32324	9.53491	3.18591	0.703169	2.99897
	0.641267	1	1.04154	2.52585	1.54075	0.595711	1.318	1.92748	2.77235	6.11442	2.04302	0.450919	1.92314
	0.615689	0.960114	1	2.4251	1.4793	0.571951	1.26543	1.8506	2.66177	5.87054	1.96153	0.432933	1.84643
	0.253882	0.395907	0.412354	1	0.609994	0.235846	0.521807	0.7631	1.09759	2.42074	0.808844	0.178522	0.761383
	0.416204	0.649034	0.675997	1.63936	1	0.386637	0.85543	1.251	1.79935	3.96847	1.32599	0.292661	1.24818
	1.07647	1.67867	1.7484	4.24005	2.58641	1	2.21249	3.23559	4.65385	10.2641	3.42954	0.756941	3.2283
	0.486544	0.758723	0.790243	1.91642	1.169	0.45198	1	1.46242	2.10345	4.63915	1.55008	0.342122	1.45913
	0.332698	0.518813	0.540367	1.31044	0.799362	0.309063	0.683798	1	1.43833	3.17224	1.05994	0.233943	0.997749
	0.231308	0.360705	0.37569	0.911085	0.555756	0.214876	0.47541	0.69525	1	2.2055	0.736926	0.162648	0.693685
	0.104878	0.163548	0.170342	0.413097	0.251987	0.0974273	0.215557	0.315234	0.453412	1	0.334131	0.0737468	0.314525
	0.313882	0.489472	0.509807	1.23633	0.754155	0.291584	0.645127	0.943446	1.35699	2.99284	1	0.220712	0.941322
	1.42213	2.2177	2.30983	5.60156	3.41692	1.32111	2.92293	4.27455	6.14823	13.5599	4.53079	1	4.26493
	0.333448	0.519984	0.541586	1.3134	0.801166	0.30976	0.685341	1.00226	1.44158	3.1794	1.06234	0.23447	1

-ss h1/h2
	1	1.2055e+07	0.00021764	0.0155444	0.00408315	0.00266048	0.000601751	2.98577	0.0093853	0.00220747	0.513546	0.00264003	0.00416334
	8.29529e-08	1	1.80539e-11	1.28945e-09	3.38709e-10	2.20694e-10	4.9917e-11	2.47678e-07	7.78538e-10	1.83116e-10	4.26001e-08	2.18998e-10	3.45361e-10
	4594.73	5.53897e+10	1	71.4222	18.761	12.2242	2.76489	13718.8	43.123	10.1427	2359.61	12.1302	19.1294
	64.332	7.75525e+08	0.0140013	1	0.262677	0.171154	0.0387119	192.081	0.603775	0.142011	33.0375	0.169839	0.267836
	244.909	2.95239e+09	0.0533021	3.80695	1	0.651575	0.147374	731.242	2.29854	0.540628	125.772	0.646568	1.01964
	375.872	4.53115e+09	0.081805	5.84269	1.53474	1	0.226182	1122.27	3.52767	0.829724	193.028	0.992314	1.56488
	1661.82	2.00333e+10	0.361678	25.8319	6.78544	4.42123	1	4961.8	15.5966	3.6684	853.419	4.38725	6.9187
	0.334922	4.03749e+06	7.28925e-05	0.00520614	0.00136754	0.000891052	0.00020154	1	0.00314334	0.000739328	0.171998	0.000884204	0.00139439
	106.55	1.28446e+09	0.0231895	1.65624	0.435058	0.283473	0.0641164	318.133	1	0.235205	54.7181	0.281294	0.443602
	453.008	5.46103e+09	0.0985929	7.04172	1.8497	1.20522	0.272598	1352.58	4.25162	1	232.641	1.19596	1.88603
	1.94724	2.34741e+07	0.000423799	0.0302687	0.00795089	0.0051806	0.00117176	5.81403	0.0182755	0.00429847	1	0.00514079	0.00810703
	378.783	4.56625e+09	0.0824386	5.88794	1.54663	1.00775	0.227933	1130.96	3.55499	0.836151	194.523	1	1.577
	240.192	2.89552e+09	0.0522755	3.73363	0.98074	0.639026	0.144536	717.158	2.25427	0.530215	123.35	0.634114	1

Measure_2:
- The heuristics that have the similar ratio are: (diff = 0.5)
	(hss1    ,hss2    )	(ha1     ,ha2     )	(vss1    ,vss2    )	(va1     ,va2     ):	fracss	-	fracastar	=	diff
	(3_gapdb, 8_gapdb)	(3_gapdb, 8_gapdb)	(5.29202e+42, 8.76489e+42)	(4.76244e+06, 4.33899e+06)	0.603775	-	1.09759	=	-0.493816
	(3_gapdb, 12_gapdb)	(3_gapdb, 12_gapdb)	(5.29202e+42, 1.97585e+43)	(4.76244e+06, 6.25499e+06)	0.267836	-	0.761383	=	-0.493547
	(12_gapdb, 2_gapdb)	(12_gapdb, 2_gapdb)	(1.97585e+43, 3.77968e+44)	(6.25499e+06, 1.15494e+07)	0.0522755	-	0.541586	=	-0.48931
	(3_gapdb, 6_gapdb)	(3_gapdb, 6_gapdb)	(5.29202e+42, 1.36703e+44)	(4.76244e+06, 9.12683e+06)	0.0387119	-	0.521807	=	-0.483095
	(1_lmcut, 11_gapdb)	(1_gapdb, 11_mands)	(6.82379e+33, 3.11591e+43)	(1.20292e+07, 2.66771e+07)	2.18998e-10	-	0.450919	=	-0.450919
	(6_gapdb, 2_gapdb)	(6_gapdb, 2_gapdb)	(1.36703e+44, 3.77968e+44)	(9.12683e+06, 1.15494e+07)	0.361678	-	0.790243	=	-0.428564
	(8_gapdb, 6_gapdb)	(8_gapdb, 6_gapdb)	(8.76489e+42, 1.36703e+44)	(4.33899e+06, 9.12683e+06)	0.0641164	-	0.47541	=	-0.411294
	(3_gapdb, 2_gapdb)	(3_gapdb, 2_gapdb)	(5.29202e+42, 3.77968e+44)	(4.76244e+06, 1.15494e+07)	0.0140013	-	0.412354	=	-0.398353
	(8_gapdb, 2_gapdb)	(8_gapdb, 2_gapdb)	(8.76489e+42, 3.77968e+44)	(4.33899e+06, 1.15494e+07)	0.0231895	-	0.37569	=	-0.3525
	(3_gapdb, 4_gapdb)	(3_gapdb, 4_lmcut)	(5.29202e+42, 2.01465e+43)	(4.76244e+06, 7.80736e+06)	0.262677	-	0.609994	=	-0.347316
	(11_gapdb, 5_gapdb)	(11_mands, 5_gapdb)	(3.11591e+43, 3.09196e+43)	(2.66771e+07, 2.0193e+07)	1.00775	-	1.32111	=	-0.313361
	(7_mands, 5_gapdb)	(7_gapdb, 5_gapdb)	(2.7551e+40, 3.09196e+43)	(6.24091e+06, 2.0193e+07)	0.000891052	-	0.309063	=	-0.308172
	(10_gapdb, 5_gapdb)	(10_gapdb, 5_gapdb)	(1.60182e+41, 3.09196e+43)	(5.88796e+06, 2.0193e+07)	0.0051806	-	0.291584	=	-0.286404
	(8_gapdb, 12_gapdb)	(8_gapdb, 12_gapdb)	(8.76489e+42, 1.97585e+43)	(4.33899e+06, 6.25499e+06)	0.443602	-	0.693685	=	-0.250083
	(7_mands, 11_gapdb)	(7_gapdb, 11_mands)	(2.7551e+40, 3.11591e+43)	(6.24091e+06, 2.66771e+07)	0.000884204	-	0.233943	=	-0.233058
	(4_gapdb, 12_gapdb)	(4_lmcut, 12_gapdb)	(2.01465e+43, 1.97585e+43)	(7.80736e+06, 6.25499e+06)	1.01964	-	1.24818	=	-0.228543
	(10_gapdb, 11_gapdb)	(10_gapdb, 11_mands)	(1.60182e+41, 3.11591e+43)	(5.88796e+06, 2.66771e+07)	0.00514079	-	0.220712	=	-0.215571
	(8_gapdb, 4_gapdb)	(8_gapdb, 4_lmcut)	(8.76489e+42, 2.01465e+43)	(4.33899e+06, 7.80736e+06)	0.435058	-	0.555756	=	-0.120698
	(9_gapdb, 2_gapdb)	(9_gapdb, 2_gapdb)	(3.7265e+43, 3.77968e+44)	(1.96735e+06, 1.15494e+07)	0.0985929	-	0.170342	=	-0.0717493
	(3_gapdb, 5_gapdb)	(3_gapdb, 5_gapdb)	(5.29202e+42, 3.09196e+43)	(4.76244e+06, 2.0193e+07)	0.171154	-	0.235846	=	-0.064692
	(0_ipdb, 7_mands)	(0_ipdb, 7_gapdb)	(8.22611e+40, 2.7551e+40)	(1.87585e+07, 6.24091e+06)	2.98577	-	3.00573	=	-0.0199589
	(3_gapdb, 11_gapdb)	(3_gapdb, 11_mands)	(5.29202e+42, 3.11591e+43)	(4.76244e+06, 2.66771e+07)	0.169839	-	0.178522	=	-0.00868299
	(7_mands, 0_ipdb)	(7_gapdb, 0_ipdb)	(2.7551e+40, 8.22611e+40)	(6.24091e+06, 1.87585e+07)	0.334922	-	0.332698	=	0.00222397
	(9_gapdb, 6_gapdb)	(9_gapdb, 6_gapdb)	(3.7265e+43, 1.36703e+44)	(1.96735e+06, 9.12683e+06)	0.272598	-	0.215557	=	0.0570416
	(8_gapdb, 5_gapdb)	(8_gapdb, 5_gapdb)	(8.76489e+42, 3.09196e+43)	(4.33899e+06, 2.0193e+07)	0.283473	-	0.214876	=	0.0685971
	(8_gapdb, 11_gapdb)	(8_gapdb, 11_mands)	(8.76489e+42, 3.11591e+43)	(4.33899e+06, 2.66771e+07)	0.281294	-	0.162648	=	0.118646
	(12_gapdb, 4_gapdb)	(12_gapdb, 4_lmcut)	(1.97585e+43, 2.01465e+43)	(6.25499e+06, 7.80736e+06)	0.98074	-	0.801166	=	0.179574
	(5_gapdb, 11_gapdb)	(5_gapdb, 11_mands)	(3.09196e+43, 3.11591e+43)	(2.0193e+07, 2.66771e+07)	0.992314	-	0.756941	=	0.235373
	(4_gapdb, 5_gapdb)	(4_lmcut, 5_gapdb)	(2.01465e+43, 3.09196e+43)	(7.80736e+06, 2.0193e+07)	0.651575	-	0.386637	=	0.264938
	(11_gapdb, 3_gapdb)	(11_mands, 3_gapdb)	(3.11591e+43, 5.29202e+42)	(2.66771e+07, 4.76244e+06)	5.88794	-	5.60156	=	0.28638
	(12_gapdb, 5_gapdb)	(12_gapdb, 5_gapdb)	(1.97585e+43, 3.09196e+43)	(6.25499e+06, 2.0193e+07)	0.639026	-	0.30976	=	0.329265
	(4_gapdb, 11_gapdb)	(4_lmcut, 11_mands)	(2.01465e+43, 3.11591e+43)	(7.80736e+06, 2.66771e+07)	0.646568	-	0.292661	=	0.353906
	(12_gapdb, 11_gapdb)	(12_gapdb, 11_mands)	(1.97585e+43, 3.11591e+43)	(6.25499e+06, 2.66771e+07)	0.634114	-	0.23447	=	0.399644
	(4_gapdb, 8_gapdb)	(4_lmcut, 8_gapdb)	(2.01465e+43, 8.76489e+42)	(7.80736e+06, 4.33899e+06)	2.29854	-	1.79935	=	0.499194

