Experiment 2: elevators-opt11-strips using gapdb_deep heuristic with 100 probes



instance_name: p01_F_108.csv

A*:	{
		(0_ipdb,2.67824e+06)
		(1_lmcut,2.54819e+06)
		(2_gapdb,2.61999e+06)
		(3_gapdb,2.77404e+06)
		(4_mands,2.77472e+06)
		(5_gapdb,2.66966e+06)
		(6_gapdb,2.66182e+06)
		(7_gapdb,2.66966e+06)
		(8_gapdb,2.33476e+06)
		(9_gapdb,2.33476e+06)
		(10_gapdb,2.44173e+06)
		(11_gapdb,2.33476e+06)
		(12_gapdb,2.33476e+06)
	}
ss:	{
		(0_ipdb,4.37353e+31)
		(1_gapdb,6.68458e+31)
		(2_lmcut,9.64558e+28)
		(3_gapdb,2.50113e+28)
		(4_gapdb,6.68458e+31)
		(5_gapdb,6.06944e+29)
		(6_gapdb,6.68458e+31)
		(7_gapdb,2.17434e+29)
		(8_gapdb,1.56316e+28)
		(9_gapdb,2.50113e+28)
		(10_gapdb,9.76913e+27)
		(11_mands,5.24993e+35)
		(12_gapdb,6.68458e+31)
	}

Measure_1:

-A* h1/h2
	1	1.05104	1.02223	0.965466	0.965229	1.00321	1.00617	1.00321	1.14712	1.14712	1.09686	1.14712	1.14712
	0.951442	1	0.972595	0.918584	0.918359	0.9545	0.957311	0.9545	1.09141	1.09141	1.0436	1.09141	1.09141
	0.978251	1.02818	1	0.944467	0.944236	0.981395	0.984285	0.981395	1.12217	1.12217	1.07301	1.12217	1.12217
	1.03577	1.08863	1.0588	1	0.999755	1.0391	1.04216	1.0391	1.18815	1.18815	1.1361	1.18815	1.18815
	1.03602	1.0889	1.05906	1.00025	1	1.03935	1.04241	1.03935	1.18844	1.18844	1.13637	1.18844	1.18844
	0.996796	1.04767	1.01896	0.962373	0.962137	1	1.00295	1	1.14344	1.14344	1.09335	1.14344	1.14344
	0.993869	1.04459	1.01597	0.959546	0.959311	0.997063	1	0.997063	1.14008	1.14008	1.09014	1.14008	1.14008
	0.996796	1.04767	1.01896	0.962373	0.962137	1	1.00295	1	1.14344	1.14344	1.09335	1.14344	1.14344
	0.871752	0.916243	0.891133	0.841646	0.84144	0.874553	0.877129	0.874553	1	1	0.956191	1	1
	0.871752	0.916243	0.891133	0.841646	0.84144	0.874553	0.877129	0.874553	1	1	0.956191	1	1
	0.911692	0.958221	0.931962	0.880207	0.879991	0.914622	0.917316	0.914622	1.04582	1.04582	1	1.04582	1.04582
	0.871752	0.916243	0.891133	0.841646	0.84144	0.874553	0.877129	0.874553	1	1	0.956191	1	1
	0.871752	0.916243	0.891133	0.841646	0.84144	0.874553	0.877129	0.874553	1	1	0.956191	1	1

-ss h1/h2
	1	0.654272	453.423	1748.62	0.654272	72.0582	0.654272	201.143	2797.88	1748.62	4476.89	8.33064e-05	0.654272
	1.52842	1	693.02	2672.62	1	110.135	1	307.43	4276.32	2672.62	6842.55	0.000127327	1
	0.00220545	0.00144296	1	3.85649	0.00144296	0.15892	0.00144296	0.44361	6.17057	3.85649	9.87353	1.83728e-07	0.00144296
	0.000571879	0.000374164	0.259303	1	0.000374164	0.0412085	0.000374164	0.115029	1.60005	1	2.56024	4.76411e-08	0.000374164
	1.52842	1	693.02	2672.62	1	110.135	1	307.43	4276.32	2672.62	6842.55	0.000127327	1
	0.0138777	0.00907977	6.29246	24.2668	0.00907977	1	0.00907977	2.7914	38.828	24.2668	62.1288	1.1561e-06	0.00907977
	1.52842	1	693.02	2672.62	1	110.135	1	307.43	4276.32	2672.62	6842.55	0.000127327	1
	0.00497159	0.00325277	2.25423	8.69343	0.00325277	0.358244	0.00325277	1	13.9099	8.69343	22.2572	4.14165e-07	0.00325277
	0.000357414	0.000233846	0.16206	0.624982	0.000233846	0.0257546	0.000233846	0.0718913	1	0.624982	1.6001	2.97748e-08	0.000233846
	0.000571879	0.000374164	0.259303	1	0.000374164	0.0412085	0.000374164	0.115029	1.60005	1	2.56024	4.76411e-08	0.000374164
	0.000223369	0.000146144	0.101281	0.390589	0.000146144	0.0160956	0.000146144	0.0449292	0.62496	0.390589	1	1.86081e-08	0.000146144
	12003.9	7853.8	5.44284e+06	2.09903e+07	7853.8	864978	7853.8	2.4145e+06	3.35854e+07	2.09903e+07	5.374e+07	1	7853.8
	1.52842	1	693.02	2672.62	1	110.135	1	307.43	4276.32	2672.62	6842.55	0.000127327	1

Measure_2:
- The heuristics that have the similar ratio are: (diff = 0.5)
	(hss1    ,hss2    )	(ha1     ,ha2     )	(vss1    ,vss2    )	(va1     ,va2     ):	fracss	-	fracastar	=	diff
	(0_ipdb, 12_gapdb)	(0_ipdb, 12_gapdb)	(4.37353e+31, 6.68458e+31)	(2.67824e+06, 2.33476e+06)	0.654272	-	1.14712	=	-0.492844
	(10_gapdb, 3_gapdb)	(10_gapdb, 3_gapdb)	(9.76913e+27, 2.50113e+28)	(2.44173e+06, 2.77404e+06)	0.390589	-	0.880207	=	-0.489618
	(10_gapdb, 8_gapdb)	(10_gapdb, 8_gapdb)	(9.76913e+27, 1.56316e+28)	(2.44173e+06, 2.33476e+06)	0.62496	-	1.04582	=	-0.420856
	(0_ipdb, 1_gapdb)	(0_ipdb, 1_lmcut)	(4.37353e+31, 6.68458e+31)	(2.67824e+06, 2.54819e+06)	0.654272	-	1.05104	=	-0.396765
	(8_gapdb, 9_gapdb)	(8_gapdb, 9_gapdb)	(1.56316e+28, 2.50113e+28)	(2.33476e+06, 2.33476e+06)	0.624982	-	1	=	-0.375018
	(0_ipdb, 6_gapdb)	(0_ipdb, 6_gapdb)	(4.37353e+31, 6.68458e+31)	(2.67824e+06, 2.66182e+06)	0.654272	-	1.00617	=	-0.351897
	(0_ipdb, 4_gapdb)	(0_ipdb, 4_mands)	(4.37353e+31, 6.68458e+31)	(2.67824e+06, 2.77472e+06)	0.654272	-	0.965229	=	-0.310957
	(8_gapdb, 3_gapdb)	(8_gapdb, 3_gapdb)	(1.56316e+28, 2.50113e+28)	(2.33476e+06, 2.77404e+06)	0.624982	-	0.841646	=	-0.216664
	(4_gapdb, 12_gapdb)	(4_mands, 12_gapdb)	(6.68458e+31, 6.68458e+31)	(2.77472e+06, 2.33476e+06)	1	-	1.18844	=	-0.188439
	(3_gapdb, 9_gapdb)	(3_gapdb, 9_gapdb)	(2.50113e+28, 2.50113e+28)	(2.77404e+06, 2.33476e+06)	1	-	1.18815	=	-0.188148
	(6_gapdb, 12_gapdb)	(6_gapdb, 12_gapdb)	(6.68458e+31, 6.68458e+31)	(2.66182e+06, 2.33476e+06)	1	-	1.14008	=	-0.140083
	(1_gapdb, 12_gapdb)	(1_lmcut, 12_gapdb)	(6.68458e+31, 6.68458e+31)	(2.54819e+06, 2.33476e+06)	1	-	1.09141	=	-0.0914141
	(4_gapdb, 1_gapdb)	(4_mands, 1_lmcut)	(6.68458e+31, 6.68458e+31)	(2.77472e+06, 2.54819e+06)	1	-	1.0889	=	-0.0888984
	(6_gapdb, 1_gapdb)	(6_gapdb, 1_lmcut)	(6.68458e+31, 6.68458e+31)	(2.66182e+06, 2.54819e+06)	1	-	1.04459	=	-0.0445924
	(4_gapdb, 6_gapdb)	(4_mands, 6_gapdb)	(6.68458e+31, 6.68458e+31)	(2.77472e+06, 2.66182e+06)	1	-	1.04241	=	-0.0424146
	(6_gapdb, 4_gapdb)	(6_gapdb, 4_mands)	(6.68458e+31, 6.68458e+31)	(2.66182e+06, 2.77472e+06)	1	-	0.959311	=	0.0406888
	(1_gapdb, 6_gapdb)	(1_lmcut, 6_gapdb)	(6.68458e+31, 6.68458e+31)	(2.54819e+06, 2.66182e+06)	1	-	0.957311	=	0.0426888
	(1_gapdb, 4_gapdb)	(1_lmcut, 4_mands)	(6.68458e+31, 6.68458e+31)	(2.54819e+06, 2.77472e+06)	1	-	0.918359	=	0.0816407
	(12_gapdb, 1_gapdb)	(12_gapdb, 1_lmcut)	(6.68458e+31, 6.68458e+31)	(2.33476e+06, 2.54819e+06)	1	-	0.916243	=	0.0837575
	(12_gapdb, 6_gapdb)	(12_gapdb, 6_gapdb)	(6.68458e+31, 6.68458e+31)	(2.33476e+06, 2.66182e+06)	1	-	0.877129	=	0.122871
	(9_gapdb, 3_gapdb)	(9_gapdb, 3_gapdb)	(2.50113e+28, 2.50113e+28)	(2.33476e+06, 2.77404e+06)	1	-	0.841646	=	0.158354
	(12_gapdb, 4_gapdb)	(12_gapdb, 4_mands)	(6.68458e+31, 6.68458e+31)	(2.33476e+06, 2.77472e+06)	1	-	0.84144	=	0.15856
	(3_gapdb, 8_gapdb)	(3_gapdb, 8_gapdb)	(2.50113e+28, 1.56316e+28)	(2.77404e+06, 2.33476e+06)	1.60005	-	1.18815	=	0.411898
	(4_gapdb, 0_ipdb)	(4_mands, 0_ipdb)	(6.68458e+31, 4.37353e+31)	(2.77472e+06, 2.67824e+06)	1.52842	-	1.03602	=	0.492393



instance_name: p04_F_83.csv

A*:	{
		(0_gapdb,3.03164e+06)
		(1_gapdb,3.79173e+06)
		(2_gapdb,3.79173e+06)
		(3_mands,9.62062e+06)
		(4_ipdb,7.49842e+06)
		(5_lmcut,2.81472e+06)
		(6_gapdb,3.79173e+06)
		(7_gapdb,7.11583e+06)
		(8_gapdb,3.79173e+06)
		(9_gapdb,3.79173e+06)
		(10_gapdb,3.79173e+06)
		(11_gapdb,3.79173e+06)
		(12_gapdb,3.03164e+06)
	}
ss:	{
		(0_ipdb,6.11599e+15)
		(1_gapdb,2.45416e+14)
		(2_lmcut,1.41869e+14)
		(3_gapdb,2.45416e+14)
		(4_mands,1.07741e+23)
		(5_gapdb,2.45416e+14)
		(6_gapdb,2.45416e+14)
		(7_gapdb,1.37995e+19)
		(8_gapdb,1.37995e+19)
		(9_gapdb,2.45416e+14)
		(10_gapdb,2.45416e+14)
		(11_gapdb,2.45416e+14)
		(12_gapdb,4.32344e+13)
	}

Measure_1:

-A* h1/h2
	1	0.79954	0.79954	0.315119	0.404304	1.07707	0.79954	0.426042	0.79954	0.79954	0.79954	0.79954	1
	1.25072	1	1	0.394125	0.505671	1.34711	1	0.532858	1	1	1	1	1.25072
	1.25072	1	1	0.394125	0.505671	1.34711	1	0.532858	1	1	1	1	1.25072
	3.1734	2.53726	2.53726	1	1.28302	3.41797	2.53726	1.352	2.53726	2.53726	2.53726	2.53726	3.1734
	2.47339	1.97757	1.97757	0.779411	1	2.664	1.97757	1.05377	1.97757	1.97757	1.97757	1.97757	2.47339
	0.928448	0.742331	0.742331	0.292572	0.375375	1	0.742331	0.395558	0.742331	0.742331	0.742331	0.742331	0.928448
	1.25072	1	1	0.394125	0.505671	1.34711	1	0.532858	1	1	1	1	1.25072
	2.34719	1.87667	1.87667	0.739644	0.948977	2.52808	1.87667	1	1.87667	1.87667	1.87667	1.87667	2.34719
	1.25072	1	1	0.394125	0.505671	1.34711	1	0.532858	1	1	1	1	1.25072
	1.25072	1	1	0.394125	0.505671	1.34711	1	0.532858	1	1	1	1	1.25072
	1.25072	1	1	0.394125	0.505671	1.34711	1	0.532858	1	1	1	1	1.25072
	1.25072	1	1	0.394125	0.505671	1.34711	1	0.532858	1	1	1	1	1.25072
	1	0.79954	0.79954	0.315119	0.404304	1.07707	0.79954	0.426042	0.79954	0.79954	0.79954	0.79954	1

-ss h1/h2
	1	24.9209	43.1101	24.9209	5.67658e-08	24.9209	24.9209	0.000443203	0.000443203	24.9209	24.9209	24.9209	141.461
	0.0401269	1	1.72987	1	2.27783e-09	1	1	1.77843e-05	1.77843e-05	1	1	1	5.6764
	0.0231964	0.578077	1	0.578077	1.31676e-09	0.578077	0.578077	1.02807e-05	1.02807e-05	0.578077	0.578077	0.578077	3.2814
	0.0401269	1	1.72987	1	2.27783e-09	1	1	1.77843e-05	1.77843e-05	1	1	1	5.6764
	1.76162e+07	4.39014e+08	7.59438e+08	4.39014e+08	1	4.39014e+08	4.39014e+08	7807.57	7807.57	4.39014e+08	4.39014e+08	4.39014e+08	2.49202e+09
	0.0401269	1	1.72987	1	2.27783e-09	1	1	1.77843e-05	1.77843e-05	1	1	1	5.6764
	0.0401269	1	1.72987	1	2.27783e-09	1	1	1.77843e-05	1.77843e-05	1	1	1	5.6764
	2256.3	56229.2	97269.4	56229.2	0.000128081	56229.2	56229.2	1	1	56229.2	56229.2	56229.2	319179
	2256.3	56229.2	97269.4	56229.2	0.000128081	56229.2	56229.2	1	1	56229.2	56229.2	56229.2	319179
	0.0401269	1	1.72987	1	2.27783e-09	1	1	1.77843e-05	1.77843e-05	1	1	1	5.6764
	0.0401269	1	1.72987	1	2.27783e-09	1	1	1.77843e-05	1.77843e-05	1	1	1	5.6764
	0.0401269	1	1.72987	1	2.27783e-09	1	1	1.77843e-05	1.77843e-05	1	1	1	5.6764
	0.00706907	0.176168	0.304748	0.176168	4.01282e-10	0.176168	0.176168	3.13303e-06	3.13303e-06	0.176168	0.176168	0.176168	1

Measure_2:
- The heuristics that have the similar ratio are: (diff = 0.5)
	(hss1    ,hss2    )	(ha1     ,ha2     )	(vss1    ,vss2    )	(va1     ,va2     ):	fracss	-	fracastar	=	diff
	(12_gapdb, 2_lmcut)	(12_gapdb, 2_gapdb)	(4.32344e+13, 1.41869e+14)	(3.03164e+06, 3.79173e+06)	0.304748	-	0.79954	=	-0.494792
	(12_gapdb, 7_gapdb)	(12_gapdb, 7_gapdb)	(4.32344e+13, 1.37995e+19)	(3.03164e+06, 7.11583e+06)	3.13303e-06	-	0.426042	=	-0.426039
	(0_ipdb, 7_gapdb)	(0_gapdb, 7_gapdb)	(6.11599e+15, 1.37995e+19)	(3.03164e+06, 7.11583e+06)	0.000443203	-	0.426042	=	-0.425598
	(2_lmcut, 1_gapdb)	(2_gapdb, 1_gapdb)	(1.41869e+14, 2.45416e+14)	(3.79173e+06, 3.79173e+06)	0.578077	-	1	=	-0.421923
	(2_lmcut, 6_gapdb)	(2_gapdb, 6_gapdb)	(1.41869e+14, 2.45416e+14)	(3.79173e+06, 3.79173e+06)	0.578077	-	1	=	-0.421923
	(2_lmcut, 9_gapdb)	(2_gapdb, 9_gapdb)	(1.41869e+14, 2.45416e+14)	(3.79173e+06, 3.79173e+06)	0.578077	-	1	=	-0.421923
	(2_lmcut, 10_gapdb)	(2_gapdb, 10_gapdb)	(1.41869e+14, 2.45416e+14)	(3.79173e+06, 3.79173e+06)	0.578077	-	1	=	-0.421923
	(2_lmcut, 11_gapdb)	(2_gapdb, 11_gapdb)	(1.41869e+14, 2.45416e+14)	(3.79173e+06, 3.79173e+06)	0.578077	-	1	=	-0.421923
	(12_gapdb, 4_mands)	(12_gapdb, 4_ipdb)	(4.32344e+13, 1.07741e+23)	(3.03164e+06, 7.49842e+06)	4.01282e-10	-	0.404304	=	-0.404304
	(0_ipdb, 4_mands)	(0_gapdb, 4_ipdb)	(6.11599e+15, 1.07741e+23)	(3.03164e+06, 7.49842e+06)	5.67658e-08	-	0.404304	=	-0.404304
	(5_gapdb, 7_gapdb)	(5_lmcut, 7_gapdb)	(2.45416e+14, 1.37995e+19)	(2.81472e+06, 7.11583e+06)	1.77843e-05	-	0.395558	=	-0.39554
	(5_gapdb, 4_mands)	(5_lmcut, 4_ipdb)	(2.45416e+14, 1.07741e+23)	(2.81472e+06, 7.49842e+06)	2.27783e-09	-	0.375375	=	-0.375375
	(1_gapdb, 5_gapdb)	(1_gapdb, 5_lmcut)	(2.45416e+14, 2.45416e+14)	(3.79173e+06, 2.81472e+06)	1	-	1.34711	=	-0.347107
	(6_gapdb, 5_gapdb)	(6_gapdb, 5_lmcut)	(2.45416e+14, 2.45416e+14)	(3.79173e+06, 2.81472e+06)	1	-	1.34711	=	-0.347107
	(9_gapdb, 5_gapdb)	(9_gapdb, 5_lmcut)	(2.45416e+14, 2.45416e+14)	(3.79173e+06, 2.81472e+06)	1	-	1.34711	=	-0.347107
	(10_gapdb, 5_gapdb)	(10_gapdb, 5_lmcut)	(2.45416e+14, 2.45416e+14)	(3.79173e+06, 2.81472e+06)	1	-	1.34711	=	-0.347107
	(11_gapdb, 5_gapdb)	(11_gapdb, 5_lmcut)	(2.45416e+14, 2.45416e+14)	(3.79173e+06, 2.81472e+06)	1	-	1.34711	=	-0.347107
	(12_gapdb, 3_gapdb)	(12_gapdb, 3_mands)	(4.32344e+13, 2.45416e+14)	(3.03164e+06, 9.62062e+06)	0.176168	-	0.315119	=	-0.138951
	(1_gapdb, 6_gapdb)	(1_gapdb, 6_gapdb)	(2.45416e+14, 2.45416e+14)	(3.79173e+06, 3.79173e+06)	1	-	1	=	0
	(1_gapdb, 9_gapdb)	(1_gapdb, 9_gapdb)	(2.45416e+14, 2.45416e+14)	(3.79173e+06, 3.79173e+06)	1	-	1	=	0
	(1_gapdb, 10_gapdb)	(1_gapdb, 10_gapdb)	(2.45416e+14, 2.45416e+14)	(3.79173e+06, 3.79173e+06)	1	-	1	=	0
	(1_gapdb, 11_gapdb)	(1_gapdb, 11_gapdb)	(2.45416e+14, 2.45416e+14)	(3.79173e+06, 3.79173e+06)	1	-	1	=	0
	(6_gapdb, 1_gapdb)	(6_gapdb, 1_gapdb)	(2.45416e+14, 2.45416e+14)	(3.79173e+06, 3.79173e+06)	1	-	1	=	0
	(6_gapdb, 9_gapdb)	(6_gapdb, 9_gapdb)	(2.45416e+14, 2.45416e+14)	(3.79173e+06, 3.79173e+06)	1	-	1	=	0
	(6_gapdb, 10_gapdb)	(6_gapdb, 10_gapdb)	(2.45416e+14, 2.45416e+14)	(3.79173e+06, 3.79173e+06)	1	-	1	=	0
	(6_gapdb, 11_gapdb)	(6_gapdb, 11_gapdb)	(2.45416e+14, 2.45416e+14)	(3.79173e+06, 3.79173e+06)	1	-	1	=	0
	(9_gapdb, 1_gapdb)	(9_gapdb, 1_gapdb)	(2.45416e+14, 2.45416e+14)	(3.79173e+06, 3.79173e+06)	1	-	1	=	0
	(9_gapdb, 6_gapdb)	(9_gapdb, 6_gapdb)	(2.45416e+14, 2.45416e+14)	(3.79173e+06, 3.79173e+06)	1	-	1	=	0
	(9_gapdb, 10_gapdb)	(9_gapdb, 10_gapdb)	(2.45416e+14, 2.45416e+14)	(3.79173e+06, 3.79173e+06)	1	-	1	=	0
	(9_gapdb, 11_gapdb)	(9_gapdb, 11_gapdb)	(2.45416e+14, 2.45416e+14)	(3.79173e+06, 3.79173e+06)	1	-	1	=	0
	(10_gapdb, 1_gapdb)	(10_gapdb, 1_gapdb)	(2.45416e+14, 2.45416e+14)	(3.79173e+06, 3.79173e+06)	1	-	1	=	0
	(10_gapdb, 6_gapdb)	(10_gapdb, 6_gapdb)	(2.45416e+14, 2.45416e+14)	(3.79173e+06, 3.79173e+06)	1	-	1	=	0
	(10_gapdb, 9_gapdb)	(10_gapdb, 9_gapdb)	(2.45416e+14, 2.45416e+14)	(3.79173e+06, 3.79173e+06)	1	-	1	=	0
	(10_gapdb, 11_gapdb)	(10_gapdb, 11_gapdb)	(2.45416e+14, 2.45416e+14)	(3.79173e+06, 3.79173e+06)	1	-	1	=	0
	(11_gapdb, 1_gapdb)	(11_gapdb, 1_gapdb)	(2.45416e+14, 2.45416e+14)	(3.79173e+06, 3.79173e+06)	1	-	1	=	0
	(11_gapdb, 6_gapdb)	(11_gapdb, 6_gapdb)	(2.45416e+14, 2.45416e+14)	(3.79173e+06, 3.79173e+06)	1	-	1	=	0
	(11_gapdb, 9_gapdb)	(11_gapdb, 9_gapdb)	(2.45416e+14, 2.45416e+14)	(3.79173e+06, 3.79173e+06)	1	-	1	=	0
	(11_gapdb, 10_gapdb)	(11_gapdb, 10_gapdb)	(2.45416e+14, 2.45416e+14)	(3.79173e+06, 3.79173e+06)	1	-	1	=	0
	(2_lmcut, 3_gapdb)	(2_gapdb, 3_mands)	(1.41869e+14, 2.45416e+14)	(3.79173e+06, 9.62062e+06)	0.578077	-	0.394125	=	0.183952
	(5_gapdb, 1_gapdb)	(5_lmcut, 1_gapdb)	(2.45416e+14, 2.45416e+14)	(2.81472e+06, 3.79173e+06)	1	-	0.742331	=	0.257669
	(5_gapdb, 6_gapdb)	(5_lmcut, 6_gapdb)	(2.45416e+14, 2.45416e+14)	(2.81472e+06, 3.79173e+06)	1	-	0.742331	=	0.257669
	(5_gapdb, 9_gapdb)	(5_lmcut, 9_gapdb)	(2.45416e+14, 2.45416e+14)	(2.81472e+06, 3.79173e+06)	1	-	0.742331	=	0.257669
	(5_gapdb, 10_gapdb)	(5_lmcut, 10_gapdb)	(2.45416e+14, 2.45416e+14)	(2.81472e+06, 3.79173e+06)	1	-	0.742331	=	0.257669
	(5_gapdb, 11_gapdb)	(5_lmcut, 11_gapdb)	(2.45416e+14, 2.45416e+14)	(2.81472e+06, 3.79173e+06)	1	-	0.742331	=	0.257669
	(8_gapdb, 7_gapdb)	(8_gapdb, 7_gapdb)	(1.37995e+19, 1.37995e+19)	(3.79173e+06, 7.11583e+06)	1	-	0.532858	=	0.467142



instance_name: p05_F_109.csv

A*:	{
		(0_ipdb,2.39572e+07)
		(1_lmcut,2.19076e+07)
		(2_mands,2.72639e+07)
		(3_gapdb,2.00163e+07)
		(4_gapdb,2.49198e+07)
		(5_gapdb,2.53427e+07)
		(6_gapdb,2.49198e+07)
		(7_gapdb,2.3203e+07)
		(8_gapdb,2.49198e+07)
		(9_gapdb,2.53427e+07)
		(10_gapdb,2.53427e+07)
		(11_gapdb,2.49198e+07)
		(12_gapdb,2.49198e+07)
	}
ss:	{
		(0_ipdb,6.63342e+18)
		(1_gapdb,7.84846e+17)
		(2_mands,4.94558e+23)
		(3_lmcut,2.51008e+17)
		(4_gapdb,2.21469e+15)
		(5_gapdb,4.84722e+14)
		(6_gapdb,2.21469e+15)
		(7_gapdb,4.84722e+14)
		(8_gapdb,2.21469e+15)
		(9_gapdb,8.58414e+18)
		(10_gapdb,2.21469e+15)
		(11_gapdb,4.84722e+14)
		(12_gapdb,2.21469e+15)
	}

Measure_1:

-A* h1/h2
	1	1.09356	0.878715	1.19688	0.961372	0.945329	0.961372	1.0325	0.961372	0.945329	0.945329	0.961372	0.961372
	0.914447	1	0.803539	1.09449	0.879124	0.864454	0.879124	0.944171	0.879124	0.864454	0.864454	0.879124	0.879124
	1.13803	1.2445	1	1.36208	1.09407	1.07581	1.09407	1.17502	1.09407	1.07581	1.07581	1.09407	1.09407
	0.835502	0.913669	0.734169	1	0.803229	0.789825	0.803229	0.86266	0.803229	0.789825	0.789825	0.803229	0.803229
	1.04018	1.1375	0.914022	1.24498	1	0.983313	1	1.07399	1	0.983313	0.983313	1	1
	1.05783	1.1568	0.929533	1.2661	1.01697	1	1.01697	1.09222	1.01697	1	1	1.01697	1.01697
	1.04018	1.1375	0.914022	1.24498	1	0.983313	1	1.07399	1	0.983313	0.983313	1	1
	0.968519	1.05913	0.851052	1.15921	0.931107	0.915569	0.931107	1	0.931107	0.915569	0.915569	0.931107	0.931107
	1.04018	1.1375	0.914022	1.24498	1	0.983313	1	1.07399	1	0.983313	0.983313	1	1
	1.05783	1.1568	0.929533	1.2661	1.01697	1	1.01697	1.09222	1.01697	1	1	1.01697	1.01697
	1.05783	1.1568	0.929533	1.2661	1.01697	1	1.01697	1.09222	1.01697	1	1	1.01697	1.01697
	1.04018	1.1375	0.914022	1.24498	1	0.983313	1	1.07399	1	0.983313	0.983313	1	1
	1.04018	1.1375	0.914022	1.24498	1	0.983313	1	1.07399	1	0.983313	0.983313	1	1

-ss h1/h2
	1	8.45188	1.34128e-05	26.4271	2995.19	13685	2995.19	13685	2995.19	0.772753	2995.19	13685	2995.19
	0.118317	1	1.58697e-06	3.12677	354.381	1619.17	354.381	1619.17	354.381	0.0914297	354.381	1619.17	354.381
	74555.5	630134	1	1.97028e+06	2.23307e+08	1.02029e+09	2.23307e+08	1.02029e+09	2.23307e+08	57613	2.23307e+08	1.02029e+09	2.23307e+08
	0.03784	0.319819	5.07541e-07	1	113.338	517.84	113.338	517.84	113.338	0.0292409	113.338	517.84	113.338
	0.000333869	0.00282182	4.47813e-09	0.00882319	1	4.569	1	4.569	1	0.000257998	1	4.569	1
	7.30727e-05	0.000617601	9.80112e-10	0.0019311	0.218866	1	0.218866	1	0.218866	5.64671e-05	0.218866	1	0.218866
	0.000333869	0.00282182	4.47813e-09	0.00882319	1	4.569	1	4.569	1	0.000257998	1	4.569	1
	7.30727e-05	0.000617601	9.80112e-10	0.0019311	0.218866	1	0.218866	1	0.218866	5.64671e-05	0.218866	1	0.218866
	0.000333869	0.00282182	4.47813e-09	0.00882319	1	4.569	1	4.569	1	0.000257998	1	4.569	1
	1.29407	10.9374	1.73572e-05	34.1986	3875.99	17709.4	3875.99	17709.4	3875.99	1	3875.99	17709.4	3875.99
	0.000333869	0.00282182	4.47813e-09	0.00882319	1	4.569	1	4.569	1	0.000257998	1	4.569	1
	7.30727e-05	0.000617601	9.80112e-10	0.0019311	0.218866	1	0.218866	1	0.218866	5.64671e-05	0.218866	1	0.218866
	0.000333869	0.00282182	4.47813e-09	0.00882319	1	4.569	1	4.569	1	0.000257998	1	4.569	1

Measure_2:
- The heuristics that have the similar ratio are: (diff = 0.5)
	(hss1    ,hss2    )	(ha1     ,ha2     )	(vss1    ,vss2    )	(va1     ,va2     ):	fracss	-	fracastar	=	diff
	(0_ipdb, 9_gapdb)	(0_ipdb, 9_gapdb)	(6.63342e+18, 8.58414e+18)	(2.39572e+07, 2.53427e+07)	0.772753	-	0.945329	=	-0.172576
	(5_gapdb, 7_gapdb)	(5_gapdb, 7_gapdb)	(4.84722e+14, 4.84722e+14)	(2.53427e+07, 2.3203e+07)	1	-	1.09222	=	-0.0922165
	(11_gapdb, 7_gapdb)	(11_gapdb, 7_gapdb)	(4.84722e+14, 4.84722e+14)	(2.49198e+07, 2.3203e+07)	1	-	1.07399	=	-0.0739904
	(5_gapdb, 11_gapdb)	(5_gapdb, 11_gapdb)	(4.84722e+14, 4.84722e+14)	(2.53427e+07, 2.49198e+07)	1	-	1.01697	=	-0.0169704
	(10_gapdb, 4_gapdb)	(10_gapdb, 4_gapdb)	(2.21469e+15, 2.21469e+15)	(2.53427e+07, 2.49198e+07)	1	-	1.01697	=	-0.0169704
	(10_gapdb, 6_gapdb)	(10_gapdb, 6_gapdb)	(2.21469e+15, 2.21469e+15)	(2.53427e+07, 2.49198e+07)	1	-	1.01697	=	-0.0169704
	(10_gapdb, 8_gapdb)	(10_gapdb, 8_gapdb)	(2.21469e+15, 2.21469e+15)	(2.53427e+07, 2.49198e+07)	1	-	1.01697	=	-0.0169704
	(10_gapdb, 12_gapdb)	(10_gapdb, 12_gapdb)	(2.21469e+15, 2.21469e+15)	(2.53427e+07, 2.49198e+07)	1	-	1.01697	=	-0.0169704
	(4_gapdb, 6_gapdb)	(4_gapdb, 6_gapdb)	(2.21469e+15, 2.21469e+15)	(2.49198e+07, 2.49198e+07)	1	-	1	=	0
	(4_gapdb, 8_gapdb)	(4_gapdb, 8_gapdb)	(2.21469e+15, 2.21469e+15)	(2.49198e+07, 2.49198e+07)	1	-	1	=	0
	(4_gapdb, 12_gapdb)	(4_gapdb, 12_gapdb)	(2.21469e+15, 2.21469e+15)	(2.49198e+07, 2.49198e+07)	1	-	1	=	0
	(6_gapdb, 4_gapdb)	(6_gapdb, 4_gapdb)	(2.21469e+15, 2.21469e+15)	(2.49198e+07, 2.49198e+07)	1	-	1	=	0
	(6_gapdb, 8_gapdb)	(6_gapdb, 8_gapdb)	(2.21469e+15, 2.21469e+15)	(2.49198e+07, 2.49198e+07)	1	-	1	=	0
	(6_gapdb, 12_gapdb)	(6_gapdb, 12_gapdb)	(2.21469e+15, 2.21469e+15)	(2.49198e+07, 2.49198e+07)	1	-	1	=	0
	(8_gapdb, 4_gapdb)	(8_gapdb, 4_gapdb)	(2.21469e+15, 2.21469e+15)	(2.49198e+07, 2.49198e+07)	1	-	1	=	0
	(8_gapdb, 6_gapdb)	(8_gapdb, 6_gapdb)	(2.21469e+15, 2.21469e+15)	(2.49198e+07, 2.49198e+07)	1	-	1	=	0
	(8_gapdb, 12_gapdb)	(8_gapdb, 12_gapdb)	(2.21469e+15, 2.21469e+15)	(2.49198e+07, 2.49198e+07)	1	-	1	=	0
	(12_gapdb, 4_gapdb)	(12_gapdb, 4_gapdb)	(2.21469e+15, 2.21469e+15)	(2.49198e+07, 2.49198e+07)	1	-	1	=	0
	(12_gapdb, 6_gapdb)	(12_gapdb, 6_gapdb)	(2.21469e+15, 2.21469e+15)	(2.49198e+07, 2.49198e+07)	1	-	1	=	0
	(12_gapdb, 8_gapdb)	(12_gapdb, 8_gapdb)	(2.21469e+15, 2.21469e+15)	(2.49198e+07, 2.49198e+07)	1	-	1	=	0
	(4_gapdb, 10_gapdb)	(4_gapdb, 10_gapdb)	(2.21469e+15, 2.21469e+15)	(2.49198e+07, 2.53427e+07)	1	-	0.983313	=	0.0166873
	(6_gapdb, 10_gapdb)	(6_gapdb, 10_gapdb)	(2.21469e+15, 2.21469e+15)	(2.49198e+07, 2.53427e+07)	1	-	0.983313	=	0.0166873
	(8_gapdb, 10_gapdb)	(8_gapdb, 10_gapdb)	(2.21469e+15, 2.21469e+15)	(2.49198e+07, 2.53427e+07)	1	-	0.983313	=	0.0166873
	(11_gapdb, 5_gapdb)	(11_gapdb, 5_gapdb)	(4.84722e+14, 4.84722e+14)	(2.49198e+07, 2.53427e+07)	1	-	0.983313	=	0.0166873
	(12_gapdb, 10_gapdb)	(12_gapdb, 10_gapdb)	(2.21469e+15, 2.21469e+15)	(2.49198e+07, 2.53427e+07)	1	-	0.983313	=	0.0166873
	(7_gapdb, 11_gapdb)	(7_gapdb, 11_gapdb)	(4.84722e+14, 4.84722e+14)	(2.3203e+07, 2.49198e+07)	1	-	0.931107	=	0.068893
	(7_gapdb, 5_gapdb)	(7_gapdb, 5_gapdb)	(4.84722e+14, 4.84722e+14)	(2.3203e+07, 2.53427e+07)	1	-	0.915569	=	0.0844306
	(9_gapdb, 0_ipdb)	(9_gapdb, 0_ipdb)	(8.58414e+18, 6.63342e+18)	(2.53427e+07, 2.39572e+07)	1.29407	-	1.05783	=	0.236242



instance_name: p06_F_62.csv

A*:	{
		(0_ipdb,1.73844e+07)
		(1_gapdb,1.63408e+07)
		(2_mands,1.99416e+07)
		(3_lmcut,1.46663e+07)
		(4_gapdb,6.89532e+06)
		(5_gapdb,1.63481e+07)
		(6_gapdb,1.48919e+07)
		(7_gapdb,6.89532e+06)
		(8_gapdb,1.22507e+07)
	}
ss:	{
		(0_ipdb,3.58225e+12)
		(1_lmcut,1.74063e+11)
		(2_gapdb,2.47603e+09)
		(3_gapdb,8.62651e+09)
		(4_mands,2.99884e+17)
		(5_gapdb,5.96173e+10)
		(6_gapdb,1.04242e+13)
		(7_gapdb,8.10808e+08)
		(8_gapdb,1.04242e+13)
	}

Measure_1:

-A* h1/h2
	1	1.06386	0.871766	1.18533	2.52119	1.06339	1.16737	2.52119	1.41905
	0.939969	1	0.819433	1.11417	2.36984	0.999553	1.09729	2.36984	1.33387
	1.1471	1.22036	1	1.35969	2.89205	1.21981	1.33909	2.89205	1.62779
	0.843647	0.897526	0.735463	1	2.12699	0.897126	0.984851	2.12699	1.19718
	0.396638	0.42197	0.345776	0.470147	1	0.421781	0.463025	1	0.562851
	0.940389	1.00045	0.819799	1.11467	2.3709	1	1.09778	2.3709	1.33446
	0.856624	0.911332	0.746776	1.01538	2.15971	0.910925	1	2.15971	1.2156
	0.396638	0.42197	0.345776	0.470147	1	0.421781	0.463025	1	0.562851
	0.704695	0.7497	0.614329	0.835296	1.77667	0.749365	0.822642	1.77667	1

-ss h1/h2
	1	20.5802	1446.77	415.261	1.19455e-05	60.0875	0.343649	4418.13	0.343649
	0.0485903	1	70.2991	20.1776	5.80434e-07	2.91967	0.016698	214.678	0.016698
	0.000691194	0.0142249	1	0.287026	8.25663e-09	0.0415321	0.000237528	3.05378	0.000237528
	0.00240813	0.0495598	3.48401	1	2.87662e-08	0.144698	0.00082755	10.6394	0.00082755
	83713.8	1.72285e+06	1.21115e+08	3.4763e+07	1	5.03015e+06	28768.2	3.69858e+08	28768.2
	0.0166424	0.342505	24.0778	6.91093	1.98801e-07	1	0.00571915	73.5282	0.00571915
	2.90995	59.8874	4210.03	1208.39	3.47607e-05	174.851	1	12856.5	1
	0.00022634	0.00465814	0.327463	0.0939902	2.70374e-09	0.0136002	7.77816e-05	1	7.77816e-05
	2.90995	59.8874	4210.03	1208.39	3.47607e-05	174.851	1	12856.5	1

Measure_2:
- The heuristics that have the similar ratio are: (diff = 0.5)
	(hss1    ,hss2    )	(ha1     ,ha2     )	(vss1    ,vss2    )	(va1     ,va2     ):	fracss	-	fracastar	=	diff
	(7_gapdb, 6_gapdb)	(7_gapdb, 6_gapdb)	(8.10808e+08, 1.04242e+13)	(6.89532e+06, 1.48919e+07)	7.77816e-05	-	0.463025	=	-0.462947
	(7_gapdb, 1_lmcut)	(7_gapdb, 1_gapdb)	(8.10808e+08, 1.74063e+11)	(6.89532e+06, 1.63408e+07)	0.00465814	-	0.42197	=	-0.417311
	(7_gapdb, 5_gapdb)	(7_gapdb, 5_gapdb)	(8.10808e+08, 5.96173e+10)	(6.89532e+06, 1.63481e+07)	0.0136002	-	0.421781	=	-0.408181
	(7_gapdb, 0_ipdb)	(7_gapdb, 0_ipdb)	(8.10808e+08, 3.58225e+12)	(6.89532e+06, 1.73844e+07)	0.00022634	-	0.396638	=	-0.396412
	(7_gapdb, 3_gapdb)	(7_gapdb, 3_lmcut)	(8.10808e+08, 8.62651e+09)	(6.89532e+06, 1.46663e+07)	0.0939902	-	0.470147	=	-0.376157
	(6_gapdb, 8_gapdb)	(6_gapdb, 8_gapdb)	(1.04242e+13, 1.04242e+13)	(1.48919e+07, 1.22507e+07)	1	-	1.2156	=	-0.215596
	(7_gapdb, 2_gapdb)	(7_gapdb, 2_mands)	(8.10808e+08, 2.47603e+09)	(6.89532e+06, 1.99416e+07)	0.327463	-	0.345776	=	-0.0183128
	(2_gapdb, 7_gapdb)	(2_mands, 7_gapdb)	(2.47603e+09, 8.10808e+08)	(1.99416e+07, 6.89532e+06)	3.05378	-	2.89205	=	0.161733
	(8_gapdb, 6_gapdb)	(8_gapdb, 6_gapdb)	(1.04242e+13, 1.04242e+13)	(1.22507e+07, 1.48919e+07)	1	-	0.822642	=	0.177358



instance_name: p09_F_80.csv

A*:	{
		(0_ipdb,4.00527e+07)
		(1_gapdb,3.08511e+07)
		(2_gapdb,2.69931e+07)
		(3_gapdb,3.75508e+07)
		(4_lmcut,3.44534e+07)
		(5_gapdb,3.2948e+07)
		(6_gapdb,2.8724e+07)
		(7_gapdb,3.75508e+07)
		(8_mands,4.39942e+07)
		(9_gapdb,2.28114e+07)
		(10_gapdb,3.60786e+07)
		(11_gapdb,3.44072e+07)
		(12_gapdb,3.69786e+07)
	}
ss:	{
		(0_ipdb,2.40705e+17)
		(1_gapdb,2.2724e+13)
		(2_lmcut,3.44881e+13)
		(3_gapdb,1.76398e+11)
		(4_gapdb,4.80345e+11)
		(5_mands,5.01363e+18)
		(6_gapdb,3.13175e+13)
		(7_gapdb,2.08034e+12)
		(8_gapdb,1.76398e+11)
		(9_gapdb,5.79215e+18)
		(10_gapdb,2.27206e+13)
		(11_gapdb,2.08034e+12)
		(12_gapdb,4.80345e+11)
	}

Measure_1:

-A* h1/h2
	1	1.29826	1.48381	1.06663	1.16252	1.21563	1.3944	1.06663	0.910409	1.75582	1.11015	1.16408	1.08313
	0.770263	1	1.14293	0.821583	0.895444	0.936357	1.07405	0.821583	0.701254	1.35244	0.855108	0.896647	0.834296
	0.67394	0.874948	1	0.718842	0.783467	0.819264	0.93974	0.718842	0.61356	1.18332	0.748175	0.784519	0.729965
	0.937535	1.21716	1.39113	1	1.0899	1.1397	1.3073	1	0.85354	1.64614	1.04081	1.09136	1.01547
	0.860202	1.11676	1.27638	0.917514	1	1.04569	1.19946	0.917514	0.783135	1.51036	0.954954	1.00134	0.931712
	0.822616	1.06797	1.22061	0.877425	0.956306	1	1.14705	0.877425	0.748917	1.44437	0.913228	0.95759	0.891002
	0.717155	0.931053	1.06412	0.764937	0.833706	0.871798	1	0.764937	0.652904	1.25919	0.796151	0.834825	0.776774
	0.937535	1.21716	1.39113	1	1.0899	1.1397	1.3073	1	0.85354	1.64614	1.04081	1.09136	1.01547
	1.09841	1.42602	1.62983	1.17159	1.27692	1.33526	1.53162	1.17159	1	1.92861	1.2194	1.27863	1.18972
	0.569535	0.739403	0.845083	0.607481	0.662094	0.692346	0.794158	0.607481	0.518509	1	0.63227	0.662983	0.616881
	0.900778	1.16944	1.33659	0.960794	1.04717	1.09502	1.25604	0.960794	0.820076	1.5816	1	1.04858	0.975662
	0.859048	1.11527	1.27467	0.916284	0.998659	1.04429	1.19786	0.916284	0.782085	1.50833	0.953673	1	0.930462
	0.923249	1.19862	1.36993	0.984762	1.07329	1.12233	1.28738	0.984762	0.840534	1.62106	1.02495	1.07473	1

-ss h1/h2
	1	10592.6	6979.38	1.36456e+06	501109	0.0480102	7685.97	115705	1.36456e+06	0.0415571	10594.1	115705	501109
	9.44058e-05	1	0.658894	128.822	47.3076	4.53244e-06	0.7256	10.9232	128.822	3.92323e-06	1.00015	10.9232	47.3076
	0.000143279	1.5177	1	195.513	71.7985	6.87887e-06	1.10124	16.5781	195.513	5.95427e-06	1.51792	16.5781	71.7985
	7.32837e-07	0.00776263	0.00511475	1	0.367231	3.51837e-08	0.00563256	0.0847926	1	3.04546e-08	0.00776377	0.0847926	0.367231
	1.99557e-06	0.0211383	0.0139279	2.72308	1	9.5808e-08	0.0153379	0.230897	2.72308	8.29303e-08	0.0211414	0.230897	1
	20.8289	220632	145373	2.84223e+07	1.04375e+07	1	160090	2.41e+06	2.84223e+07	0.865589	220664	2.41e+06	1.04375e+07
	0.000130107	1.37817	0.908068	177.539	65.1979	6.24648e-06	1	15.054	177.539	5.40688e-06	1.37837	15.054	65.1979
	8.64271e-06	0.0915485	0.0603207	11.7935	4.33094	4.14938e-07	0.0664276	1	11.7935	3.59166e-07	0.091562	1	4.33094
	7.32837e-07	0.00776263	0.00511475	1	0.367231	3.51837e-08	0.00563256	0.0847926	1	3.04546e-08	0.00776377	0.0847926	0.367231
	24.0633	254892	167947	3.28357e+07	1.20583e+07	1.15528	184949	2.78423e+06	3.28357e+07	1	254929	2.78423e+06	1.20583e+07
	9.43919e-05	0.999853	0.658797	128.803	47.3006	4.53178e-06	0.725493	10.9216	128.803	3.92266e-06	1	10.9216	47.3006
	8.64271e-06	0.0915485	0.0603207	11.7935	4.33094	4.14938e-07	0.0664276	1	11.7935	3.59166e-07	0.091562	1	4.33094
	1.99557e-06	0.0211383	0.0139279	2.72308	1	9.5808e-08	0.0153379	0.230897	2.72308	8.29303e-08	0.0211414	0.230897	1

Measure_2:
- The heuristics that have the similar ratio are: (diff = 0.5)
	(hss1    ,hss2    )	(ha1     ,ha2     )	(vss1    ,vss2    )	(va1     ,va2     ):	fracss	-	fracastar	=	diff
	(1_gapdb, 2_lmcut)	(1_gapdb, 2_gapdb)	(2.2724e+13, 3.44881e+13)	(3.08511e+07, 2.69931e+07)	0.658894	-	1.14293	=	-0.484032
	(1_gapdb, 6_gapdb)	(1_gapdb, 6_gapdb)	(2.2724e+13, 3.13175e+13)	(3.08511e+07, 2.8724e+07)	0.7256	-	1.07405	=	-0.348453
	(8_gapdb, 3_gapdb)	(8_mands, 3_gapdb)	(1.76398e+11, 1.76398e+11)	(4.39942e+07, 3.75508e+07)	1	-	1.17159	=	-0.171592
	(10_gapdb, 1_gapdb)	(10_gapdb, 1_gapdb)	(2.27206e+13, 2.2724e+13)	(3.60786e+07, 3.08511e+07)	0.999853	-	1.16944	=	-0.16959
	(6_gapdb, 2_lmcut)	(6_gapdb, 2_gapdb)	(3.13175e+13, 3.44881e+13)	(2.8724e+07, 2.69931e+07)	0.908068	-	1.06412	=	-0.156056
	(7_gapdb, 11_gapdb)	(7_gapdb, 11_gapdb)	(2.08034e+12, 2.08034e+12)	(3.75508e+07, 3.44072e+07)	1	-	1.09136	=	-0.0913646
	(12_gapdb, 4_gapdb)	(12_gapdb, 4_lmcut)	(4.80345e+11, 4.80345e+11)	(3.69786e+07, 3.44534e+07)	1	-	1.07329	=	-0.0732932
	(4_gapdb, 12_gapdb)	(4_lmcut, 12_gapdb)	(4.80345e+11, 4.80345e+11)	(3.44534e+07, 3.69786e+07)	1	-	0.931712	=	0.0682881
	(11_gapdb, 7_gapdb)	(11_gapdb, 7_gapdb)	(2.08034e+12, 2.08034e+12)	(3.44072e+07, 3.75508e+07)	1	-	0.916284	=	0.0837159
	(1_gapdb, 10_gapdb)	(1_gapdb, 10_gapdb)	(2.2724e+13, 2.27206e+13)	(3.08511e+07, 3.60786e+07)	1.00015	-	0.855108	=	0.145039
	(3_gapdb, 8_gapdb)	(3_gapdb, 8_mands)	(1.76398e+11, 1.76398e+11)	(3.75508e+07, 4.39942e+07)	1	-	0.85354	=	0.14646
	(2_lmcut, 6_gapdb)	(2_gapdb, 6_gapdb)	(3.44881e+13, 3.13175e+13)	(2.69931e+07, 2.8724e+07)	1.10124	-	0.93974	=	0.161499
	(6_gapdb, 1_gapdb)	(6_gapdb, 1_gapdb)	(3.13175e+13, 2.2724e+13)	(2.8724e+07, 3.08511e+07)	1.37817	-	0.931053	=	0.447118
	(9_gapdb, 5_mands)	(9_gapdb, 5_gapdb)	(5.79215e+18, 5.01363e+18)	(2.28114e+07, 3.2948e+07)	1.15528	-	0.692346	=	0.462937

