	Report:		ida*-bfs-vs-ss-bfs - using ipdb heuristic - 10 probes.

transport-opt08-strips

p14.pddl
bound		ida*-bfs (exp)		ss-bfs (exp)
10		1			1
23		2			2
33		3			3
36		4			4
45		5			4.9
46		7			5.8
48		9			7
49		11			10.6
50		12			13
56		13			13
58		15			15.4
59		20			16
61		22			20.8
62		28			26.8
63		31			42.4
67		32			21.4
69		36			35.2
71		42			35.2
72		46			62.8
74		51			26.8
75		62			35.2
76		69			56.8
79		71			53.2
80		76			52.6
82		91			55.6
83		93			73
84		103			151.6
85		118			421
86		122			83.2
87		132			158.2
88		159			107.2
89		173			107.2
90		174			255.4
91		176			164.2
92		184			164.2
93		197			187.6
94		207			496
95		227			498.4
96		229			261.4
97		265			310
98		294			180.4
99		310			184.6
100		334			186.4
101		385			157.6
102		419			157.6
103		426			529.6
104		434			340
105		472			373
106		498			146.2
107		511			209.2
108		572			226.6
109		595			345.4
110		643			345.4
111		721			992.8
112		738			544
113		774			544
114		903			790.6
115		956			616.6
116		1000			613.6
117		1029			520.6
118		1104			1540.6
119		1167			1162
120		1244			532.6
121		1352			971.8
122		1414			1307.2
123		1574			677.2
124		1727			662.8
125		1827			940
126		1945			714.4
127		2186			714.4
128		2364			1932.4
129		2448			1349.8
130		2515			1349.8
131		2735			860.2
132		2865			665.8
133		3036			680.8
134		3360			1756
135		3557			6835.6
136		3819			977.8
137		4270			977.8
138		4434			2533.6
139		4704			5873.2
140		5338			2221.6
141		5610			2286.4
142		5898			5558.2
143		6195			7288.6
144		6617			2395
145		6986			4222.6
146		7383			2068
147		7988			4436.8
148		8449			16972
149		9199			4298.2
150		10086			4952.2
151		10654			3386.2
152		11401			2380.6
153		12571			9656.8
154		13631			16826.8
155		14230			9339.4
156		14826			9038.2
157		15972			10768
158		16786			6988
159		17845			7453
160		19676			8323.6
161		20871			6239.2
162		22417			12780.4
163		24718			78884.8
164		25914			5747.2
165		27658			269975
166		30775			16206.4
167		32545			19102.6
168		34274			27076
169		36266			11291.8
170		38635			24355.6
171		41109			35158.6
172		43533			50366.8
173		47194			20743
174		50099			33920.2
175		54158			45350.2
176		59228			134124
177		63123			58120
178		67495			58127.2
179		73587			69811.6
180		78899			41392
181		82996			41392
182		87129			97462
183		94049			53645.8
184		99135			23203
185		105077			27809.8
186		115161			29713.6
187		121776			26329.6
188		131796			74786.2
189		144300			92923
190		152174			92923
191		161798			34612
192		177059			255330
193		187971			13017.4
194		199596			13017.4
195		211778			112741
196		226020			136685
197		240075			169044
198		255257			58781.2
199		277101			233325
200		296708			313927
201		320279			475616
202		350407			142592
203		373477			115022
204		410523			115022
205		445204			146573
206		527983			47366.2
207		554754			178557
208		789519			350493
209		829494			1.2973e+06
210		1.69824e+06			762887
211		1.74342e+06			839459
212		5.14673e+06			2.22083e+06
213		5.21374e+06			131309
214		1.86413e+07			175012
215		1.88237e+07			105786
216		7.23566e+07			163750
217		7.29036e+07			260399
218		2.86917e+08			130090
219		2.8903e+08			2.63533e+06
220		1.14484e+09			2.74027e+06
221		1.15352e+09			1.51384e+06
222		4.57663e+09			298541
223		4.61281e+09			281227

p19.pddl
bound		ida*-bfs (exp)		ss-bfs (exp)
20		1			1
32		2			2
34		3			3
36		5			5
37		6			6
38		7			7
39		9			9
40		10			10
43		11			11
44		12			14
46		14			12
47		16			17.8
48		23			31
49		32			27.6
50		37			23
51		45			41
52		54			53
53		63			101
54		72			59
55		81			63
56		92			99
57		95			97
58		102			119
59		107			119
60		119			75
61		138			183
62		158			241
63		209			189
64		248			799
65		315			499
66		384			297
67		463			759
68		559			477
69		622			317
70		707			599
71		771			621
72		864			1645
73		931			1085
74		1000			1501
75		1137			807
76		1295			1077
77		1573			861
78		1834			1493
79		2160			1051
80		2607			1587
81		3107			1599
82		3783			1887
83		4461			4867
84		5212			5899
85		5968			2685
86		6669			9935
87		7512			11573
88		8324			12031
89		9321			9403
90		10458			6009
91		11914			4711
92		13855			8329
93		16049			24387
94		18893			28173
95		22142			21955
96		26046			10373
97		30859			16263
98		35783			15137
99		42226			13313
100		48829			71183
101		56349			97383
102		63746			44267
103		71549			29817
104		81513			50093
105		92696			196783
106		106282			58995
107		122030			97225
108		140513			54175
109		163593			410719
110		188846			137027
111		220649			134803
112		256464			111565
113		298948			86229
114		347327			90211
115		399387			79003
116		463090			75727
117		530140			826709
118		606293			360541
119		694384			809587
120		794846			281221
121		917746			782821
122		1.04874e+06			1.10836e+06
123		1.2115e+06			388223
124		1.40007e+06			2.3871e+06
125		1.62135e+06			228425
126		1.87158e+06			5.84887e+06
127		2.15276e+06			670991
128		2.50076e+06			3.08327e+06
129		2.89454e+06			2.5713e+06
130		3.33813e+06			710711
131		3.8487e+06			7.04596e+06
132		4.41815e+06			1.5813e+07
133		5.09968e+06			722675
134		5.83848e+06			1.24227e+07
135		6.72162e+06			2.41564e+06
136		7.7374e+06			1.80054e+06
137		8.91522e+06			2.24414e+06
138		1.02793e+07			6.19523e+06
139		1.18452e+07			2.08846e+06
140		1.36936e+07			2.74737e+07
141		1.58137e+07			3.5166e+06
142		1.82168e+07			2.23583e+07
143		2.10458e+07			3.25141e+07
144		2.42645e+07			9.75293e+06
145		2.80335e+07			7.80119e+06
146		3.22096e+07			6.77858e+06
147		3.70779e+07			6.3238e+07
148		4.27767e+07			7.96568e+06
149		4.92467e+07			3.50834e+07
150		5.6668e+07			2.54061e+07
151		6.51463e+07			2.76218e+08
152		7.51718e+07			5.72191e+07
153		8.68192e+07			1.13271e+07
154		9.99427e+07			8.29868e+06
155		1.15307e+08			9.4824e+07
156		1.3288e+08			6.48824e+07
157		1.53517e+08			8.22672e+07
158		1.76859e+08			4.46032e+07
159		2.0377e+08			4.88305e+07
160		2.35103e+08			2.85987e+08
161		2.7088e+08			1.03134e+08
162		3.121e+08			1.69828e+09
163		3.59523e+08			1.37565e+08
164		4.14166e+08			2.59011e+07
165		4.77656e+08			9.47452e+07
166		5.49744e+08			1.17907e+09
167		6.34275e+08			1.32219e+09
168		7.30786e+08			1.74863e+08
169		8.43052e+08			1.72993e+08
170		9.7124e+08			5.14934e+08

p29.pddl
bound		ida*-bfs (exp)		ss-bfs (exp)
20		1			1
22		7			7
24		31			31
26		127			127
28		511			511
30		2047			2047
32		8192			8192
34		32776			32776
36		131128			131116
38		524588			524674
40		2.09862e+06			2.0981e+06
41		2.09863e+06			2.0986e+06
42		8.39556e+06			8.3968e+06
43		8.39557e+06			8.39386e+06
44		3.35864e+07			3.69387e+07
45		3.35865e+07			3.02193e+07
46		1.34362e+08			1.51105e+08
47		1.34363e+08			1.41066e+08
48		5.37517e+08			3.89521e+08
49		5.3752e+08			5.24598e+08
50		2.15034e+09			3.12319e+09

p18.pddl
bound		ida*-bfs (exp)		ss-bfs (exp)
18		1			1
33		2			2
34		3			3
36		4			4
41		5			5
42		7			7
43		9			9
46		10			10
47		11			10
48		15			15.4
49		17			20.2
50		19			17.9
51		22			19.2
52		26			37.4
54		28			24.8
55		30			26.2
57		37			27.6
58		44			34.6
59		50			40.2
60		55			55.6
61		59			43
62		66			104.6
63		77			87.8
64		91			50
65		104			121.4
66		127			187.2
67		146			103.2
68		161			121.4
69		171			195.6
70		195			174.6
71		213			159.2
72		241			262.8
73		282			477
74		310			225
75		351			181.6
76		391			372
77		433			484
78		499			443.4
79		561			580.6
80		657			435
81		767			500.8
82		891			995
83		991			744.4
84		1120			821.4
85		1247			1123.8
86		1401			1287.6
87		1596			1009
88		1806			1105.6
89		2009			1637.6
90		2224			1507.4
91		2530			1154.6
92		2844			1857.4
93		3226			6126
94		3681			1881.2
95		4165			7082.2
96		4824			6912.8
97		5534			4472.6
98		6381			6455
99		7333			2812.2
100		8344			6436.8
101		9330			4535.6
102		10690			45751.6
103		12130			13718.2
104		13659			10516.4
105		15516			11679.8
106		17399			6218.4
107		19612			29378.6
108		22080			56110.2
109		25120			28551.2
110		28607			16022.6
111		32538			18388.6
112		37143			92567.6
113		42089			108281
114		48266			26508.6
115		55330			40098.4
116		63480			66002.6
117		72542			74528.6
118		82652			48495.6
119		93531			65715.6
120		106386			77310.4
121		121039			32800.2
122		137254			264520
123		156170			75735.4
124		177350			383647
125		201270			388837
126		228918			58134.6
127		259927			91425.2
128		295632			99178.4
129		336579			799884
130		385544			208040
131		441299			356151
132		505527			437764
133		576562			190118
134		656300			969773
135		747127			246304
136		852853			600909
137		974499			390528
138		1.11099e+06			880511
139		1.26758e+06			181505
140		1.44099e+06			535189
141		1.6403e+06			912401
142		1.86763e+06			2.28439e+07
143		2.12765e+06			4.88769e+06
144		2.43172e+06			576074
145		2.7752e+06			2.67493e+06
146		3.16948e+06			4.77394e+06
147		3.62018e+06			664788
148		4.13546e+06			4.88284e+06
149		4.71671e+06			3.37711e+06
150		5.38836e+06			5.11926e+06
151		6.15893e+06			6.8119e+06
152		7.03912e+06			1.83779e+06
153		8.0421e+06			8.97506e+06
154		9.18597e+06			5.31581e+06
155		1.04875e+07			2.09964e+06
156		1.19628e+07			2.45689e+07
157		1.36459e+07			7.65736e+06
158		1.55891e+07			1.44431e+07
159		1.78147e+07			1.24301e+07
160		2.037e+07			8.50136e+06
161		2.3265e+07			1.23149e+07
162		2.65859e+07			8.08469e+06
163		3.03577e+07			8.11908e+06
164		3.4692e+07			2.38355e+07
165		3.9674e+07			7.68615e+06
166		4.53981e+07			6.45464e+06
167		5.19282e+07			8.29391e+07
168		5.93762e+07			3.0055e+07
169		6.79052e+07			9.73757e+07
170		7.75757e+07			5.92087e+07
171		8.86846e+07			3.89116e+08
172		1.01408e+08			1.09719e+08
173		1.16037e+08			1.65084e+07
174		1.32758e+08			1.6228e+08
175		1.51876e+08			5.64807e+07
176		1.7373e+08			7.22754e+07
177		1.98586e+08			4.68154e+08
178		2.2713e+08			2.34044e+08
179		2.59858e+08			2.67984e+08
180		2.97521e+08			3.89519e+07
181		3.40602e+08			3.26447e+07
182		3.89918e+08			1.093e+08
183		4.46213e+08			3.03546e+08
184		5.10576e+08			4.0835e+08
185		5.84153e+08			7.72589e+08
186		6.68719e+08			1.13099e+09
187		7.65802e+08			6.33172e+08
188		8.77124e+08			1.24407e+09
189		1.00434e+09			1.16213e+09

p15.pddl
bound		ida*-bfs (exp)		ss-bfs (exp)
12		1			1
36		2			2
37		4			4
57		5			5.2
60		6			7
61		10			13
62		14			13.6
65		15			14.5
71		16			14.5
73		17			21.4
75		18			22.6
78		19			15.4
79		20			26.2
81		21			17.8
82		25			22
84		27			31
85		37			32.2
86		51			59.2
87		59			60.4
90		64			89.8
92		66			59.2
93		68			53.2
94		70			53.2
95		71			66.4
96		77			45.4
97		78			82.6
98		82			97
99		86			73
100		93			73
101		94			71.2
102		99			73.6
103		111			116.8
104		117			112.6
105		120			67.6
106		138			67.6
107		157			61
108		163			128.2
109		190			135.4
110		230			69.4
111		273			200.8
112		291			371.2
113		299			370.6
114		315			266.8
115		341			388.6
116		344			465.4
117		360			516.4
118		380			451.6
119		394			200.8
120		422			809.8
121		459			432.4
122		486			787.6
123		508			430
124		556			530.2
125		591			530.2
126		609			300.4
127		682			1034.8
128		775			608.8
129		813			1240.6
130		882			529.6
131		959			535
132		1050			814.6
133		1151			1316.2
134		1324			1063
135		1552			1472.2
136		1705			2107.6
137		1781			1170.4
138		1870			784
139		1980			998.2
140		2100			3376.6
141		2246			2368
142		2403			2368
143		2619			1745.2
144		2768			4353.4
145		2979			3095.2
146		3214			3228.4
147		3380			3278.8
148		3686			2653.6
149		4066			1787.2
150		4310			9350.8
151		4695			737.8
152		5219			19322.8
153		5710			4371.4
154		6144			4671.4
155		6692			8974
156		7474			13900.6
157		8251			5063.8
158		9048			4736.8
159		10054			1699.6
160		11037			7235.8
161		11796			11954.2
162		12743			11133.4
163		13823			2666.8
164		14942			3715
165		15921			5926.6
166		17035			18742.6
167		18406			27761.2
168		19732			19517.8
169		21419			38022.4
170		23615			20984.8
171		25479			5916.4
172		27837			9176.2
173		30418			10470.4
174		32729			27595
175		35347			40073.2
176		38949			55185.4
177		43511			13491.4
178		47865			6254.2
179		51745			22823.2
180		56350			41909.2
181		61706			91394.2
182		67089			39186.4
183		74178			41077.6
184		81870			122518
185		90304			98597.2
186		97718			57760
187		105568			82376.8
188		113696			118347
189		121737			111778
190		132405			111864
191		148026			285352
192		161480			60316
193		176119			129614
194		191297			327047
195		207105			337631
196		224688			84641.2
197		246328			158038
198		270583			692133
199		297958			265358
200		327370			207900
201		360220			798264
202		392558			129482
203		423481			1.9334e+06
204		463297			846095
205		514616			905950
206		571850			119078
207		627029			244221
208		684181			641395
209		747976			129302
210		812327			1.16454e+06
211		885425			490475
212		975581			4.63649e+06
213		1.07062e+06			167931
214		1.17322e+06			288011
215		1.28798e+06			2.74346e+06
216		1.39622e+06			743892
217		1.51415e+06			578060
218		1.65862e+06			578060
219		1.8437e+06			221746
220		2.03604e+06			461567
221		2.2376e+06			1.23616e+06
222		2.44328e+06			804280
223		2.68445e+06			1.16486e+06
224		2.93103e+06			5.18467e+06
225		3.22763e+06			3.76041e+06
226		3.5483e+06			900358
227		3.93116e+06			3.71527e+06
228		4.33374e+06			520733
229		4.77796e+06			3.7252e+06
230		5.21666e+06			1.15859e+06
231		5.67751e+06			1.76476e+06
232		6.19258e+06			1.02498e+07
233		6.88868e+06			2.59505e+06
234		7.63313e+06			1.50462e+06
235		8.39344e+06			1.03583e+07
236		9.19566e+06			1.03595e+07
237		1.00466e+07			1.14954e+06
238		1.09866e+07			2.9725e+06
239		1.20603e+07			6.52444e+06
240		1.3386e+07			4.92194e+06
241		1.48598e+07			1.77982e+06
242		1.6753e+07			1.78293e+06
243		1.8564e+07			3.53025e+08
244		2.14735e+07			6.22867e+06
245		2.38235e+07			8.86286e+06
246		3.07309e+07			5.64858e+07
247		3.5701e+07			2.53675e+07
248		5.78554e+07			4.58162e+06
249		7.04828e+07			5.58191e+06
250		1.50687e+08			2.17181e+06
251		1.92598e+08			6.80644e+06
252		5.04547e+08			1.64354e+07
253		6.62211e+08			3.59053e+07
254		1.90007e+09			1.00001e+07
255		2.51987e+09			5.50256e+06
256		7.45905e+09			1.18058e+08

p25.pddl
bound		ida*-bfs (exp)		ss-bfs (exp)
422		26			25.2
424		330			325.4
425		346			283.8
426		3575			2756.4
427		3866			3562.1
428		36477			30277.7
429		40111			30233.1
430		365761			410953
431		405618			554911
432		3.65268e+06			2.5514e+06
433		4.06804e+06			2.92176e+06
434		3.63893e+07			3.89204e+07
435		4.06226e+07			1.54314e+07
436		3.61145e+08			2.70187e+08
437		4.03782e+08			2.93965e+08
438		3.56588e+09			1.37426e+09
439		3.99168e+09			5.80403e+09

p12.pddl
bound		ida*-bfs (exp)		ss-bfs (exp)
6		1			1
45		3			3
53		5			5
68		7			7.4
70		9			9
76		11			11.8
80		13			13
84		17			17
85		19			17.8
87		21			19.4
91		23			23.4
92		27			31.8
97		29			31
99		31			31
100		35			39
102		37			29
104		39			35
105		41			49
107		47			65
109		53			49
110		55			57
111		57			61
114		61			61
115		79			65
116		81			83
117		87			83
119		95			97
120		99			97
121		101			161
122		103			85
123		117			143
124		125			143
125		127			105
126		137			145
127		143			129
128		147			137
130		163			69
131		175			133
132		195			133
133		199			229
134		215			153
136		225			181
137		227			407
138		259			317
139		269			223
140		283			215
141		293			305
142		305			291
143		321			247
144		355			333
145		363			359
146		395			419
147		423			429
148		443			437
149		509			417
150		535			399
151		571			819
152		579			539
153		621			379
154		675			765
155		733			641
156		737			597
157		771			621
158		805			421
159		871			421
160		893			1393
161		1011			779
162		1079			835
163		1131			1001
164		1209			1209
165		1267			857
166		1387			1673
167		1475			1673
168		1541			1351
169		1627			1405
170		1723			2395
171		1747			2395
172		1895			4021
173		1959			1917
174		2045			959
175		2147			3199
176		2311			4063
177		2447			1581
178		2721			4113
179		2853			4175
180		3021			4175
181		3189			1205
182		3365			5061
183		3671			1861
184		4009			7174.2
185		4321			8465.4
186		4461			2952.2
187		4657			1739.4
188		4849			1744.2
189		5221			3681.8
190		5623			4319.4
191		5813			4319.4
192		6133			3267
193		6709			1365
194		7049			3403.4
195		7845			3403.4
196		8263			17066.2
197		8609			1989.4
198		9165			11262.6
199		9673			11262.6
200		10489			3969
201		11343			4368.2
202		11857			7108.6
203		12329			8323
204		12903			8363
205		13585			11731.8
206		14453			12031.8
207		15545			13544.2
208		16403			13782.6
209		17405			13771.8
210		18675			4678.2
211		19589			15623.8
212		21291			12029
213		22743			12029
214		24009			13921.8
215		25303			20673
216		26793			20677.8
217		28391			14592.2
218		30743			38286.2
219		33005			10443
220		34191			37305.4
221		35831			43815.8
222		37869			34801.4
223		40329			171229
224		44735			82938.2
225		46953			95571.8
226		49437			15663.4
227		52751			15687.4
228		55723			26987.4
229		61413			13186.6
230		65501			25782.6
231		68693			14968.6
232		72419			5705.8
233		76391			80393.4
234		81683			29480.6
235		87319			114381
236		93445			114733
237		97705			47174.6
238		102385			30812.6
239		109931			20385
240		116323			44286.6
241		126799			48707.4
242		134085			43518.2
243		141525			43353.8
244		150951			50309.4
245		159331			254515
246		170679			258258
247		183889			380811
248		193805			21537
249		203409			110441
250		214129			36532.2
251		227199			168002
252		243475			103542
253		264475			1.20988e+06
254		277185			530073
255		292721			581922
256		311201			910530
257		329269			910530
258		362145			172168
259		385175			208168
260		409069			222568
261		431587			287707
262		457441			293486
263		493945			229492
264		530977			68096.2
265		562809			68096.2
266		590755			68096.2
267		621295			80088.2
268		668797			80280.2
269		710811			339662
270		777413			1.60847e+06
271		818081			1.67398e+06
272		862963			451867
273		924025			370779
274		981777			432617
275		1.0713e+06			395665
276		1.15353e+06			458961
277		1.22087e+06			198125
278		1.35686e+06			428561
279		1.43614e+06			642971
280		2.01952e+06			2.25633e+07
281		2.13329e+06			1.01226e+06
282		6.39508e+06			1.19509e+06
283		6.4986e+06			652165
284		4.26716e+07			2.0095e+06
285		4.28189e+07			1.32298e+06
286		3.59229e+08			8.52191e+06
287		3.59441e+08			441697
288		3.15149e+09			4.70755e+06
289		3.15167e+09			1.21745e+06
290		2.79128e+10			572111

p13.pddl
bound		ida*-bfs (exp)		ss-bfs (exp)
8		1			1
32		3			3
38		4			4
49		6			6
50		9			8.7
55		10			9
56		15			13
62		17			15.4
64		19			18.6
67		20			17
68		22			15.4
73		28			31.4
74		38			45.8
79		44			35.4
80		60			83.4
81		62			97
82		63			79.4
85		64			93
86		69			115.4
87		70			94.6
88		79			93
90		83			65.8
91		95			53.8
92		114			98.6
93		115			57
94		118			57
96		122			97.8
97		149			117
98		181			122.6
100		183			122.6
102		184			188.2
103		201			193
104		242			193
105		257			277
106		275			425.8
108		278			301.8
109		306			249
110		338			469
111		349			507.4
112		389			507.4
113		390			168.2
114		410			435.4
115		461			273.8
116		530			293
117		536			379.4
118		542			373.8
119		543			373.8
120		576			589.8
121		673			705
122		794			675.4
123		819			529
124		865			713
125		866			1560.2
126		883			847.4
127		992			1431.4
128		1138			802.6
129		1209			531.4
130		1293			1928.2
131		1303			923.5
132		1341			1001.8
133		1478			5850.1
134		1629			2485
135		1681			1128.7
136		1814			778.6
137		1844			778.6
138		1966			832.6
139		2211			1814.5
140		2514			2895.4
141		2577			1576.9
142		2688			5057.2
143		2714			6982.3
144		2880			7115.5
145		3330			1195.3
146		3732			1623.7
147		3871			19318.6
148		4119			3973.6
149		4146			3016
150		4266			6221.8
151		4732			4117.6
152		5344			2524.6
153		5677			18307
154		6039			6186.7
155		6136			6125.5
156		6426			3047.5
157		7104			4669.3
158		7810			5577.4
159		8137			10212.4
160		8804			8779.6
161		9029			3100.6
162		9622			4154.5
163		10837			3430
164		11936			8288.2
165		12444			6546.7
166		13043			6546.7
167		13248			3257.2
168		14068			6411.7
169		15934			7730.2
170		17759			19765.9
171		18578			19765.9
172		19771			8839.9
173		20253			12171.7
174		21139			12171.7
175		23545			30268.9
176		26118			18586
177		28676			44812.9
178		30599			91812.7
179		34416			18957.7
180		36071			13457.8
181		52179			38459.8
182		55181			27469.9
183		106337			12587.5
184		109129			26426.8
185		307428			29054.8
186		310265			12504.7
187		1.10254e+06			73895.5
188		1.10766e+06			44940.7
189		4.25675e+06			43665.4
190		4.26001e+06			16769.8
191		1.68456e+07			15065.2
192		1.68497e+07			15065.2
193		6.71909e+07			50304.7
194		6.71988e+07			157202
195		2.68532e+08			146698
196		2.68538e+08			173256
197		1.07385e+09			665230
198		1.07386e+09			62803
199		4.2951e+09			67074.4
200		4.29511e+09			67074.4

p30.pddl
bound		ida*-bfs (exp)		ss-bfs (exp)
22		1			1
39		2			2
40		3			3
41		6			5.2
42		7			7.4
43		9			9.8
45		11			12.2
47		13			11.4
49		15			5
50		16			16
51		18			18
52		24			6
53		26			6
54		53			70.3
55		57			32.5
56		157			217
57		162			217
58		553			550
59		562			964.9
60		2110			71
61		2131			43
62		8291			21336.6
63		8319			10680.5
64		32914			166.1
65		32966			64.7
66		131292			170656
67		131424			220.7
68		524671			681783
69		525132			719.9
70		2.09806e+06			357.2
71		2.09999e+06			5.45427e+06
72		8.39168e+06			1.0912e+07
73		8.40099e+06			1.0925e+07
74		3.35679e+07			4.36392e+07
75		3.36199e+07			4.37302e+07
76		1.34288e+08			5.2357e+08
77		1.34629e+08			1.745e+08
78		5.37305e+08			341420
79		5.39853e+08			7.00485e+08
80		2.15057e+09			5.58451e+09

p07.pddl
bound		ida*-bfs (exp)		ss-bfs (exp)
16		1			1
18		3			3
20		5			5
22		7			7
24		9			9
26		11			11
28		13			13
30		15			15
31		16			16
32		19			19
33		25			23.9
34		33			31.2
35		53			47
36		71			56
37		143			152.5
38		195			191.3
39		469			168.6
40		644			642.8
41		1697			804
42		2324			2518.8
43		6463			666.9
44		8843			4157.6
45		25285			2739.8
46		34606			20573.4
47		100219			1251.8
48		137227			53639.5
49		399495			1729.4
50		547180			414310
51		1.59606e+06			2.41244e+06
52		2.18641e+06			4.49605e+06
53		6.38196e+06			310812
54		8.743e+06			2.02837e+07
55		2.55269e+07			1.09028e+08
56		3.49713e+07			1.32165e+07
57		1.02121e+08			1.87942e+08
58		1.39901e+08			4.23009e+08
59		4.08605e+08			10403.3
60		5.59741e+08			3.52532e+08

p05.pddl
bound		ida*-bfs (exp)		ss-bfs (exp)
28		4			4
30		10			10
32		18			18
34		28			28
36		40			40
38		54			54
40		70			70
42		118			115.5
43		129			136.2
44		358			350.1
45		397			404.8
46		1573			1314.2
47		1675			1783.8
48		7492			6414.9
49		7727			8916.1
50		35495			26843
51		36004			42588.4
52		165259			85209.2
53		166322			169030
54		756569			891055
55		758747			515594
56		3.41378e+06			3.56551e+06
57		3.41821e+06			4.64059e+06
58		1.52167e+07			1.11509e+06
59		1.52259e+07			2.05375e+07
60		6.71376e+07			8.98178e+07
61		6.71573e+07			8.85198e+07
62		2.93684e+08			1.53716e+07
63		2.93731e+08			1.76262e+08
64		1.27538e+09			3.58886e+08
65		1.27551e+09			1.05327e+09
66		5.50431e+09			1.05705e+09
67		5.50478e+09			3.52012e+09

p22.pddl
bound		ida*-bfs (exp)		ss-bfs (exp)
300		14			14.4
302		100			87.3
304		582			499.8
306		3080			2742
308		15370			16244.7
310		73740			63609.3
312		344078			325864
314		1.57288e+06			1.66439e+06
316		7.07791e+06			7.21711e+06
318		3.14573e+07			3.33196e+07
320		1.38412e+08			1.33347e+08
322		6.0398e+08			6.29113e+08
324		2.61725e+09			2.52851e+09
326		1.12743e+10			1.07472e+10

p01.pddl
bound		ida*-bfs (exp)		ss-bfs (exp)
54		15			15

p10.pddl
bound		ida*-bfs (exp)		ss-bfs (exp)
22		1			1
24		3			3
26		5			5
28		7			7
30		9			9
32		11			11
33		12			12
34		14			14
35		24			24.7
36		26			26.7
37		70			70.5
38		72			53.5
39		243			224.4
40		245			198
41		912			915.8
42		914			915.8
43		3556			3350.3
44		3560			2240.5
45		14081			8519.2
46		14102			10105.1
47		56074			152018
48		56218			106358
49		223945			133726
50		225005			203279
51		895845			365426
52		903665			514840
53		3.58807e+06			1.07662e+06
54		3.64726e+06			3.63821e+07
55		1.43954e+07			2.03399e+07
56		1.4864e+07			8.82378e+06
57		5.79481e+07			4.44174e+07
58		6.18213e+07			7.67983e+07

p04.pddl
bound		ida*-bfs (exp)		ss-bfs (exp)
118		10			10
120		43			43
122		173			173
124		688			688
126		2740			2740
128		10937			10937
130		43711			43711
132		174790			174790
134		699086			699086
136		2.79625e+06			2.79625e+06
137		2.79631e+06			2.79631e+06
138		1.1185e+07			1.11849e+07
139		1.11853e+07			1.11853e+07
140		4.47398e+07			4.47398e+07
141		4.47414e+07			4.47414e+07
142		1.7896e+08			1.78959e+08
143		1.78967e+08			1.78964e+08
144		7.1584e+08			7.15839e+08
145		7.15873e+08			7.15872e+08
146		2.86337e+09			2.86337e+09
147		2.86352e+09			2.86345e+09
148		1.14535e+10			1.14535e+10

p26.pddl
bound		ida*-bfs (exp)		ss-bfs (exp)
14		1			1
16		3			3
18		5			5
20		7			7
22		9			9
24		11			11
26		14			14
28		22			22
30		44			42.3
32		116			127.3
34		382			388.1
36		1418			1930.2
38		5531			4687.9
40		21955			4993.4
42		87610			68169.5
44		350181			683160
46		1.40047e+06			646486
48		5.602e+06			1.3014e+07
50		2.24099e+07			15358.6
52		8.96496e+07			2.64129e+08
53		8.96496e+07			26079.5
54		3.58641e+08			106112
55		3.58641e+08			1.3588e+09
56		1.43474e+09			2.60649e+09
57		1.43474e+09			609676

p06.pddl
bound		ida*-bfs (exp)		ss-bfs (exp)
14		1			1
16		3			3
18		5			5
20		7			7
22		9			9
24		11			11
26		14			14
28		21			21
29		22			20.8
30		33			32.2
31		36			35.6
32		52			46.8
33		58			61.2
34		82			80
35		96			90.4
36		129			115.4
37		172			229
38		219			179
39		373			469.7
40		451			429.2
41		1049			311.2
42		1204			1216.3
43		3558			4105.8
44		3946			4799.6
45		13261			15124.8
46		14470			5322.9
47		51534			424935
48		55882			17412.3
49		203821			7674.5
50		220568			11912.8
51		811946			459666
52		878144			473697
53		3.24377e+06			2.01188e+06
54		3.50772e+06			640787
55		1.29734e+07			1.01147e+07
56		1.40287e+07			15000.4
57		5.1908e+07			4.47629e+08
58		5.61314e+07			5.04613e+07
59		2.07721e+08			165159
60		2.24628e+08			2.83594e+08
61		8.31283e+08			7.25886e+08
62		8.9898e+08			6.5035e+08
63		3.32681e+09			2.74363e+09

p17.pddl
bound		ida*-bfs (exp)		ss-bfs (exp)
16		1			1
29		2			2
32		3			3
34		4			4
35		5			5
36		7			7
37		8			8
39		9			9
40		11			11
42		12			12
44		14			14.2
45		17			14
48		22			21.8
49		25			23.1
50		29			32.2
51		32			62.6
52		41			50.5
53		51			65
54		55			61.8
55		61			42.6
56		73			58.6
57		83			77.8
58		94			101.8
59		100			74.6
60		112			68.2
61		129			117.8
62		145			300.2
63		157			177
64		184			148.2
65		206			181.8
66		230			207.4
67		250			418.6
68		288			468.2
69		335			340.2
70		360			545
71		421			442.6
72		498			289
73		564			361
74		643			673
75		707			490.6
76		837			812.2
77		964			1002.6
78		1085			993
79		1173			1559.4
80		1347			1093.8
81		1521			1263.4
82		1699			802.6
83		1877			1831.4
84		2148			1213.8
85		2500			1725.8
86		2763			2197.8
87		3059			5191.4
88		3552			6826.6
89		4063			5457
90		4713			8311.4
91		5178			2802.6
92		5897			8084.2
93		6665			11004.2
94		7574			12652.2
95		8476			10765.8
96		9604			11989.8
97		10992			7509.8
98		12416			12525.8
99		13740			6004.2
100		15595			10137
101		17831			23477.8
102		20324			27057
103		22769			21522.6
104		25975			24457
105		29108			30122.6
106		33074			13001
107		36899			50522.6
108		42164			27437.8
109		48067			23543.4
110		54409			45220.2
111		61018			42535.4
112		68906			74170.6
113		78381			58906.6
114		89274			87935.4
115		99909			31493.8
116		113961			73197.8
117		128920			30172.2
118		145799			58378.6
119		162446			178993
120		184798			491927
121		209747			119372
122		237804			276598
123		266804			44804.2
124		302380			127081
125		342747			176379
126		388168			335815
127		436553			190955
128		495934			513433
129		562908			514718
130		639585			218894
131		714035			1.18649e+06
132		810683			298748
133		918405			535643
134		1.04476e+06			1.08383e+06
135		1.17203e+06			419673
136		1.32599e+06			1.06491e+06
137		1.50346e+06			136827
138		1.70335e+06			176468
139		1.91514e+06			924417
140		2.16827e+06			9.22663e+06
141		2.45651e+06			758435
142		2.79459e+06			8.89804e+06
143		3.13784e+06			1.05374e+06
144		3.54298e+06			1.57808e+06
145		3.9997e+06			715127
146		4.55419e+06			6.24228e+06
147		5.12991e+06			1.64467e+06
148		5.8083e+06			3.27315e+06
149		6.56224e+06			1.49102e+06
150		7.4531e+06			1.85824e+06
151		8.39393e+06			6.28187e+06
152		9.48621e+06			1.93334e+06
153		1.07209e+07			2.43445e+06
154		1.21748e+07			1.1247e+06
155		1.37407e+07			1.99995e+07
156		1.55578e+07			4.17756e+06
157		1.75237e+07			2.35061e+07
158		1.98829e+07			5.97217e+06
159		2.24142e+07			3.10528e+06
160		2.54296e+07			6.72029e+06
161		2.87045e+07			2.25478e+07
162		3.25369e+07			2.90313e+07
163		3.66949e+07			8.67037e+06
164		4.15264e+07			1.5104e+07
165		4.68954e+07			4.14991e+07
166		5.3163e+07			2.85943e+07
167		5.997e+07			1.33143e+07
168		6.79831e+07			1.26364e+07
169		7.67614e+07			4.82415e+07
170		8.69075e+07			3.268e+08
171		9.79507e+07			6.34682e+07
172		1.11001e+08			2.48933e+07
173		1.25479e+08			6.19117e+07
174		1.42321e+08			8.70383e+07
175		1.60441e+08			1.03803e+08
176		1.81608e+08			2.57946e+07
177		2.05124e+08			1.70561e+08
178		2.32336e+08			3.65872e+07
179		2.62153e+08			6.38598e+07
180		2.9681e+08			6.19855e+08
181		3.35552e+08			6.78269e+07
182		3.80351e+08			3.37528e+08
183		4.2862e+08			3.57511e+07
184		4.85075e+08			4.39917e+07
185		5.47871e+08			4.4417e+08
186		6.21732e+08			1.97788e+08
187		7.01696e+08			7.59702e+08
188		7.94202e+08			1.9487e+09
189		8.96934e+08			5.42727e+08
190		1.01623e+09			4.8307e+08
191		1.14668e+09			2.65733e+08
192		1.29773e+09			4.41165e+09

p20.pddl
bound		ida*-bfs (exp)		ss-bfs (exp)
22		1			1
35		2			2
36		3			3
40		4			4
41		5			5
45		6			6
46		7			7
47		8			8
48		10			9.8
49		14			13
50		18			19.2
53		20			25.7
54		22			25.7
55		28			30.9
56		29			30.9
57		31			24.4
58		34			42.6
59		40			24.4
60		46			50.4
61		52			51.7
62		57			46.5
63		68			54.3
64		77			62.1
65		85			94.6
66		93			75.1
67		106			56.9
68		122			103.7
69		142			140.1
70		157			92
71		171			210.3
72		194			244.1
73		234			242.8
74		274			318.2
75		320			342.9
76		355			237.6
77		390			171.3
78		442			345.5
79		498			432.6
80		540			271.4
81		628			991.6
82		690			497.6
83		818			739.4
84		910			361.1
85		1014			588.6
86		1134			687.4
87		1306			3165.2
88		1558			1394.6
89		1781			1620.8
90		1930			900.6
91		2161			1130.7
92		2426			1880.8
93		2780			1037.1
94		3153			1033.2
95		3559			3122.3
96		4023			12028.6
97		4595			3898.4
98		5174			2218.8
99		5895			4127.2
100		6593			4517.2
101		7640			10498.5
102		8792			7938.8
103		10084			5515.6
104		11098			6303.4
105		12412			7323.9
106		13909			5692.4
107		16085			34828
108		18179			16373.2
109		21012			25345.8
110		23488			10733.8
111		26632			15296.8
112		29938			6065.5
113		33983			56279.3
114		38704			55901
115		43864			14182.7
116		50016			94560.4
117		56649			48831.6
118		63134			25791.7
119		71127			51829.4
120		80366			90878.8
121		92423			358238
122		105537			166617
123		119905			68585.1
124		134978			90488.8
125		152571			47292.4
126		172647			170848
127		197575			81122.3
128		223286			269647
129		255519			538948
130		286793			675607
131		325561			286763
132		364229			161916
133		414630			537859
134		469824			498671
135		538999			318423
136		610372			506315
137		691591			1.23786e+06
138		776993			665563
139		881838			325210
140		1.00248e+06			789741
141		1.1407e+06			431861
142		1.29665e+06			867838
143		1.46538e+06			1.60579e+06
144		1.65098e+06			1.30062e+06
145		1.86481e+06			2.59547e+06
146		2.11384e+06			1.2526e+06
147		2.40876e+06			1.06191e+06
148		2.73499e+06			2.15556e+06
149		3.11545e+06			865389
150		3.52257e+06			3.64038e+06
151		3.98752e+06			9.15954e+06
152		4.49895e+06			1.52982e+07
153		5.11928e+06			5.28439e+06
154		5.80703e+06			1.97165e+06
155		6.62908e+06			4.28348e+06
156		7.47185e+06			4.37496e+06
157		8.47251e+06			4.5629e+06
158		9.52047e+06			6.26505e+06
159		1.08433e+07			1.61709e+06
160		1.22972e+07			3.57934e+06
161		1.40226e+07			6.62186e+06
162		1.58761e+07			1.34474e+07
163		1.79998e+07			9.21507e+06
164		2.03453e+07			4.98297e+06
165		2.30529e+07			7.74214e+06
166		2.61504e+07			7.74214e+06
167		2.97102e+07			6.46504e+06
168		3.37533e+07			1.82725e+07
169		3.82734e+07			6.52103e+07
170		4.32722e+07			5.2983e+06
171		4.8893e+07			5.84487e+07
172		5.53949e+07			1.15549e+07
173		6.30091e+07			1.45443e+07
174		7.15471e+07			2.27725e+07
175		8.12647e+07			5.07187e+07
176		9.18867e+07			5.4259e+07
177		1.04151e+08			2.83705e+08
178		1.17779e+08			2.1717e+08
179		1.33909e+08			9.33748e+07
180		1.51796e+08			1.72121e+08
181		1.72747e+08			8.99508e+07
182		1.95404e+08			1.03542e+08
183		2.21687e+08			6.83638e+07
184		2.50208e+08			8.66338e+07
185		2.84157e+08			6.46037e+08
186		3.22121e+08			1.32978e+08
187		3.66563e+08			2.64739e+07
188		4.15209e+08			7.5312e+08
189		4.70798e+08			5.91753e+08
190		5.32692e+08			1.78447e+08
191		6.03764e+08			3.10195e+08
192		6.84903e+08			8.84619e+07
193		7.77612e+08			3.74889e+08
194		8.82784e+08			7.93433e+08
195		1.00097e+09			2.04329e+08
196		1.13339e+09			2.43934e+09

p28.pddl
bound		ida*-bfs (exp)		ss-bfs (exp)
18		1			1
30		2			2
31		4			4
33		6			6.4
35		8			6.4
37		10			7.6
39		12			11.2
40		13			11.4
41		15			17
42		16			17
43		23			25
44		27			21.4
45		39			37
46		49			44.6
47		68			51.5
48		84			66.5
49		108			101
50		130			50.5
51		160			384.5
52		191			288
53		229			22
54		266			528
55		321			76.6
56		380			204
57		475			166.2
58		586			517.6
59		765			484
60		965			528.8
61		1263			1386.1
62		1584			617.5
63		2034			31
64		2515			735
65		3167			71.4
66		3848			56818.6
67		4756			2462.2
68		5719			1000.6
69		7050			1141
70		8532			1030.6
71		10666			2589.4
72		13121			45727
73		16659			4720.6
74		20746			3217
75		26624			13323.4
76		33207			3595
77		43072			5288.2
78		53282			2567.8
79		70995			46603
80		86288			8709.4
81		124133			67052.2
82		147018			938.2
83		250061			454.6
84		285360			89001.4
85		626233			1297
86		682610			216021
87		1.93783e+06			2.84036e+06
88		2.03099e+06			346331
89		6.88364e+06			3.78493e+06
90		7.0458e+06			121503
91		2.61973e+07			6513.4
92		2.65126e+07			1.56615e+07
93		1.02743e+08			2.38376e+07
94		1.03493e+08			443085
95		4.07971e+08			666014
96		4.10232e+08			6749.8
97		1.62802e+09			485963
98		1.63613e+09			2.42935e+06

p23.pddl
bound		ida*-bfs (exp)		ss-bfs (exp)
322		17			17
324		150			149.3
326		1045			1069.1
328		6422			5974.5
330		36337			31000
332		194182			196405
334		995925			1.02256e+06
336		4.95369e+06			5.47e+06
338		2.40631e+07			2.17136e+07
340		1.14711e+08			1.07968e+08
342		5.38518e+08			5.28126e+08
344		2.49611e+09			2.53931e+09
346		1.14459e+10			1.24315e+10

p21.pddl
bound		ida*-bfs (exp)		ss-bfs (exp)
4		1			1
162		13			9.8
164		49			40.2
166		193			193
168		769			769
170		3073			1232.2
172		12289			14745.8
174		49153			29493.8
176		196609			196609
178		786433			1.101e+06
180		3.14573e+06			3.77487e+06
182		1.25829e+07			1.25829e+07
184		5.03316e+07			4.02653e+07
186		2.01327e+08			1.61061e+08
188		8.05306e+08			6.44245e+08
190		3.22123e+09			3.22123e+09
192		1.28849e+10			1.54619e+10

p03.pddl
bound		ida*-bfs (exp)		ss-bfs (exp)
88		30			33.4
90		375			420.7
92		3593			4076.5
94		30396			28565.5
96		239978			200550
98		1.81668e+06			1.51946e+06
100		1.33886e+07			1.39181e+07
102		9.69557e+07			7.98678e+07
104		6.94018e+08			7.29256e+08
106		4.92978e+09			4.36803e+09

p24.pddl
bound		ida*-bfs (exp)		ss-bfs (exp)
188		25			19.4
190		295			200.4
192		2877			3158.4
194		26515			26458.7
196		239929			226844
198		2.15954e+06			1.20434e+06
200		1.94162e+07			1.61858e+07
202		1.74585e+08			2.06966e+08
204		1.5703e+09			2.69227e+09
206		1.41275e+10			6.65e+09

p09.pddl
bound		ida*-bfs (exp)		ss-bfs (exp)
20		1			1
22		3			3
24		5			5
26		7			7
28		9			9
30		11			11
32		13			13
33		15			15
34		17			17
35		28			29
36		30			31
37		61			61
38		64			68.8
39		136			167.6
40		146			118
41		341			196.2
42		385			479.9
43		1030			937.7
44		1205			632.3
45		3596			7503.7
46		4268			13340.3
47		13589			5547.3
48		16227			11918.9
49		53216			48410.6
50		63670			61189
51		211286			124675
52		252936			135408
53		843036			955899
54		1.00946e+06			1.81565e+06
55		3.36955e+06			4.25128e+06
56		4.03598e+06			1.00246e+07
57		1.34765e+07			124526
58		1.61486e+07			650429
59		5.3914e+07			4.56689e+07
60		6.46332e+07			3.85817e+06
61		2.15721e+08			1.81394e+08
62		2.58732e+08			1.21392e+08

p08.pddl
bound		ida*-bfs (exp)		ss-bfs (exp)
18		1			1
32		3			3
33		4			4
34		7			7.4
36		9			9.8
38		12			9
40		15			11.8
42		18			15
43		19			9
44		22			20.8
45		25			13
46		36			55
47		43			60
48		64			81
49		71			83
50		103			58
51		109			118
52		152			255
53		159			118
54		219			97
55		228			202
56		308			284
57		329			386
58		439			304
59		489			989
60		682			491
61		829			242
62		1218			2107
63		1691			2016
64		2580			932
65		4236			3850
66		6833			2865
67		13040			11598
68		22004			47286
69		46218			128398
70		80080			14657
71		176006			213967
72		308709			43875
73		691149			434326
74		1.21837e+06			23060
75		2.74692e+06			3.24923e+06
76		4.85144e+06			22322
77		1.09661e+07			4.24493e+06
78		1.93817e+07			2.18493e+07
79		4.38513e+07			2.26246e+08
80		7.75376e+07			1.12593e+08
81		1.75482e+08			6.61313e+08
82		3.10475e+08			4.93495e+08
83		7.02607e+08			4.25544e+06
84		1.24471e+09			2.00334e+09

p16.pddl
bound		ida*-bfs (exp)		ss-bfs (exp)
14		1			1
29		2			2
30		3			3
35		4			4
37		5			5
38		7			7
39		8			8
42		9			9
43		11			10.9
44		15			15.4
45		17			14.2
46		19			14
47		20			21.8
48		22			26.2
49		23			26.2
50		26			23.4
51		30			32.5
53		40			38.8
54		47			42.4
55		49			74.8
56		51			62.2
57		53			64
58		62			53.2
59		75			85.6
60		86			49.6
61		95			76.6
62		108			82
63		123			128.8
64		140			143.2
65		156			128.8
66		180			179.2
67		203			166.6
68		235			319.6
69		276			278.2
70		304			150.4
71		334			172
72		374			321.4
73		413			226
74		482			190
75		532			1025.2
76		599			451
77		690			704.8
78		783			847
79		890			1793.8
80		1015			2006.2
81		1141			400.6
82		1288			397
83		1502			881.2
84		1660			1874.8
85		1872			1113.4
86		2101			1190.8
87		2429			1160.2
88		2746			1072
89		3060			1084.6
90		3406			3111.4
91		3789			1446.4
92		4326			1765
93		5001			1896.4
94		5701			4274.2
95		6565			5723.2
96		7387			17353
97		8346			2251
98		9532			2260
99		10789			11078.2
100		12148			7660
101		13992			2472.4
102		15931			6472
103		18134			10093.6
104		20485			23465.8
105		22838			9242.2
106		25586			7395.4
107		28820			42794.2
108		32894			10874.8
109		37700			71452
110		42994			32941
111		49046			11548
112		55439			34343.2
113		62575			11292.4
114		70840			20179
115		81057			35786.8
116		93216			156263
117		106466			193217
118		120703			46930.6
119		136722			121892
120		154461			90924.4
121		173587			40018.6
122		197385			120383
123		223848			136549
124		254646			51877
125		290586			87738.4
126		330908			44839
127		375847			195852
128		424983			172301
129		482988			119312
130		551397			1.20978e+06
131		630865			171851
132		720862			141650
133		822011			2.46635e+06
134		928583			2.24254e+06
135		1.0506e+06			367107
136		1.19148e+06			465873
137		1.36014e+06			1.63444e+06
138		1.54832e+06			249841
139		1.76137e+06			821058
140		1.99702e+06			1.6358e+06
141		2.26539e+06			874702
142		2.56961e+06			570009
143		2.93865e+06			479390
144		3.35464e+06			1.65285e+06
145		3.82288e+06			635986
146		4.35415e+06			2.73843e+06
147		4.95691e+06			4.4284e+06
148		5.64213e+06			1.16962e+06
149		6.41864e+06			7.79055e+06
150		7.3073e+06			1.01598e+06
151		8.3121e+06			5.06971e+06
152		9.47132e+06			4.17584e+06
153		1.07815e+07			4.11857e+06
154		1.2286e+07			828456
155		1.39474e+07			3.71469e+07
156		1.58372e+07			3.42183e+06
157		1.79915e+07			2.97501e+06
158		2.05241e+07			7.97758e+06
159		2.34282e+07			2.47995e+06
160		2.67589e+07			2.29093e+07
161		3.05191e+07			4.37663e+06
162		3.4726e+07			5.63494e+07
163		3.94019e+07			2.85013e+07
164		4.48255e+07			3.65162e+06
165		5.11897e+07			5.36769e+06
166		5.84618e+07			1.62415e+07
167		6.67604e+07			9.73214e+06
168		7.59981e+07			1.44346e+07
169		8.63805e+07			3.74036e+07
170		9.80397e+07			2.80274e+07
171		1.11714e+08			6.62693e+07
172		1.27385e+08			6.33891e+07
173		1.45442e+08			1.26611e+07
174		1.6572e+08			1.52551e+07
175		1.89061e+08			7.17629e+07
176		2.15231e+08			1.79905e+08
177		2.45121e+08			2.38113e+09
178		2.79125e+08			9.03523e+07
179		3.18353e+08			1.43978e+08
180		3.63118e+08			1.37083e+08
181		4.14453e+08			3.10474e+08
182		4.72994e+08			5.17745e+07
183		5.39015e+08			1.16743e+08
184		6.13657e+08			9.00139e+07
185		6.98433e+08			5.55689e+08
186		7.96135e+08			7.26205e+08
187		9.07392e+08			1.06598e+08
188		1.03628e+09			3.38969e+08
189		1.18253e+09			1.09589e+08

p11.pddl
bound		ida*-bfs (exp)		ss-bfs (exp)
4		1			1
34		3			3
64		7			7
94		15			15
124		31			31
154		63			63
170		65			65
184		129			79.4
200		133			157.8
214		261			236.2
215		271			315.8
217		307			422.2
219		451			313.8
221		1027			1229.8
223		3331			3845
225		12547			10289.8
227		49411			98384.6
229		196867			314804
230		196875			157679
231		786699			1.2586e+06
233		3.146e+06			2.51661e+06
235		1.25832e+07			1.00665e+07
237		5.03319e+07			4.02659e+07
239		2.01327e+08			4.02653e+08
241		8.05307e+08			3.22123e+08
243		3.22123e+09			541.4
244		3.22123e+09			5.15396e+09
245		1.28849e+10			1.54619e+10

p27.pddl
bound		ida*-bfs (exp)		ss-bfs (exp)
16		1			1
28		2			2
30		4			4
32		6			6
34		8			8
36		10			10
38		12			12
40		16			13.4
42		22			20.2
44		29			19
46		38			47.2
47		39			53
48		51			57
50		70			36
52		112			88.5
54		238			260
56		665			680.5
57		668			197.7
58		2262			1767.1
60		8483			5849.5
61		8484			19869
62		33184			26416.2
63		33186			59228.2
64		131910			118653
65		131915			237146
66		528115			487899
67		528122			473403
68		2.12707e+06			398.8
69		2.12709e+06			11268.1
70		8.65352e+06			1.55145e+07
71		8.65355e+06			7.68095e+06
72		3.59394e+07			6.2293e+07
73		3.59395e+07			6.2293e+07
74		1.55711e+08			2.60526e+08
75		1.55711e+08			1.55456e+07
76		7.30454e+08			1.17604e+09
77		7.30454e+08			4.70728e+08

p02.pddl
bound		ida*-bfs (exp)		ss-bfs (exp)
107		26			26.8
109		309			298.2
111		2779			2842.4
113		22218			22259.4
115		168706			124776
117		1.25812e+06			1.36596e+06
119		9.3846e+06			1.182e+07
121		7.06659e+07			6.46516e+07
123		5.38955e+08			6.9101e+08
125		4.1624e+09			3.46681e+09
126		4.1624e+09			2.86124e+09
